2047872 694360 1353512 12696
2047872 755172 1292700 12696
2047872 814904 1232968 12696
2047872 873816 1174056 12704
2047872 936924 1110948 12704
2047872 1047684 1000188 12712
2047872 1152400 895472 12712
2047872 1250932 796940 12712
2047872 1356704 691168 12720
2047872 1459004 588868 12720
2047872 1562608 485264 12720
2047872 1670768 377104 12728
2047872 1773096 274776 12728
2047872 1877816 170056 12728
2047872 1974000 73872 12736
2047872 1970796 77076 2208
2047872 1971676 76196 3284
2047872 1977108 70764 3568
2047872 1963836 84036 2456
2047872 1980692 67180 748
2047872 1962192 85680 328
2047872 1973800 74072 608
2047872 1974288 73584 604
2047872 1973348 74524 596
2047872 1971276 76596 580
2047872 1973404 74468 580
2047872 1982024 65848 580
2047872 1970948 76924 588
2047872 1978484 69388 576
2047872 1976428 71444 224
2047872 1974600 73272 216
2047872 1971940 75932 224
2047872 1980088 67784 360
2047872 1977468 70404 480
2047872 1970648 77224 488
2047872 1977180 70692 488
2047872 1971480 76392 476
2047872 1970560 77312 476
2047872 1971904 75968 452
2047872 1962392 85480 440
2047872 1979964 67908 440
2047872 1971388 76484 396
2047872 1974936 72936 416
2047872 1972772 75100 548
2047872 1982232 65640 548
2047872 1972804 75068 556
2047872 1971072 76800 556
2047872 1973612 74260 556
2047872 1973656 74216 704
2047872 1974536 73336 584
2047872 1979636 68236 368
2047872 1981880 65992 368
2047872 1973040 74832 264
2047872 1970928 76944 260
