2047872 710236 1337636 14712
2047872 800788 1247084 14720
2047872 986792 1061080 14728
2047872 1056944 990928 14728
2047872 1302304 745568 14736
2047872 1459804 588068 14764
2047872 1530156 517716 14764
2047872 1639492 408380 14772
2047872 1716496 331376 14772
2047872 1790740 257132 14780
2047872 1962388 85484 14780
2047872 1970548 77324 264
2047872 1986496 61376 2288
2047872 1986192 61680 1624
2047872 1988384 59488 1176
2047872 1983180 64692 1116
2047872 1977044 70828 1116
2047872 1988940 58932 236
2047872 1989784 58088 236
2047872 1986192 61680 360
2047872 1980564 67308 356
2047872 1971496 76376 360
2047872 1989964 57908 360
2047872 1984148 63724 488
2047872 1990708 57164 504
2047872 1987172 60700 516
2047872 1987436 60436 508
2047872 1956544 91328 524
2047872 1986240 61632 524
2047872 1988748 59124 528
2047872 1988236 59636 536
2047872 1991232 56640 520
2047872 1984292 63580 512
2047872 1975056 72816 412
2047872 1987404 60468 344
2047872 1984792 63080 344
2047872 1992536 55336 348
2047872 1989172 58700 2216
2047872 1985204 62668 2364
2047872 1970588 77284 2372
2047872 1990384 57488 2372
2047872 1985172 62700 2380
2047872 1987056 60816 2380
2047872 1991460 56412 2380
2047872 1983760 64112 2388
2047872 1991120 56752 2388
2047872 1992092 55780 2396
2047872 1981596 66276 2384
2047872 1959188 88684 2164
2047872 1968456 79416 208
2047872 1966436 81436 536
2047872 1983248 64624 536
