2047872 715776 1332096 14712
2047872 834748 1213124 14720
2047872 994180 1053692 14728
2047872 1086856 961016 14728
2047872 1302488 745384 14736
2047872 1458448 589424 14764
2047872 1530992 516880 14764
2047872 1640796 407076 14772
2047872 1716744 331128 14772
2047872 1792200 255672 14780
2047872 1962756 85116 14780
2047872 1970036 77836 264
2047872 1988480 59392 2268
2047872 1986392 61480 1624
2047872 1986840 61032 1176
2047872 1989804 58068 1116
2047872 1968852 79020 1124
2047872 1985916 61956 236
2047872 1989908 57964 236
2047872 1985944 61928 360
2047872 1981060 66812 356
2047872 1971304 76568 360
2047872 1992136 55736 360
2047872 1979272 68600 488
2047872 1990960 56912 504
2047872 1964748 83124 516
2047872 1988196 59676 508
2047872 1970772 77100 520
2047872 1986488 61384 524
2047872 1992888 54984 528
2047872 1980316 67556 520
2047872 1991200 56672 656
2047872 1986384 61488 512
2047872 1972168 75704 412
2047872 1982488 65384 344
2047872 1980124 67748 344
2047872 1991672 56200 348
2047872 1987520 60352 2216
2047872 1985856 62016 2364
2047872 1971996 75876 2372
2047872 1991356 56516 2372
2047872 1986820 61052 2380
2047872 1983592 64280 2380
2047872 1983748 64124 2384
2047872 1978480 69392 2388
2047872 1987428 60444 2396
2047872 1972096 75776 2388
2047872 1985440 62432 2392
2047872 1975452 72420 2164
2047872 1968248 79624 200
2047872 1967332 80540 536
2047872 1983384 64488 536
