2047872 691968 1355904 14172
2047872 808080 1239792 14172
2047872 911704 1136168 14172
2047872 1013268 1034604 14184
2047872 1118376 929496 14224
2047872 1219144 828728 14224
2047872 1326660 721212 14264
2047872 1427740 620132 14320
2047872 1523740 524132 14368
2047872 1625372 422500 14376
2047872 1731332 316540 14376
2047872 1852788 195084 14376
2047872 1954628 93244 14384
2047872 1974668 73204 408
2047872 1973272 74600 2284
2047872 1969560 78312 1000
2047872 1970880 76992 960
2047872 1981576 66296 972
2047872 1982396 65476 844
2047872 1971000 76872 408
2047872 1974496 73376 400
2047872 1978336 69536 396
2047872 1967336 80536 388
2047872 1981328 66544 360
2047872 1970180 77692 360
2047872 1975824 72048 352
2047872 1974856 73016 236
2047872 1970472 77400 244
2047872 1984728 63144 248
2047872 1976440 71432 248
2047872 1972068 75804 396
2047872 1970060 77812 396
2047872 1970352 77520 360
2047872 1973692 74180 324
2047872 1972036 75836 324
2047872 1992388 55484 264
2047872 1969392 78480 264
2047872 1962796 85076 264
2047872 1979276 68596 272
2047872 1980724 67148 264
2047872 1957856 90016 532
2047872 1970452 77420 532
2047872 1975380 72492 672
2047872 1969552 78320 656
2047872 1975716 72156 656
2047872 1975768 72104 656
2047872 1969172 78700 600
2047872 1974524 73348 324
2047872 1976332 71540 324
2047872 1983564 64308 244
2047872 1975528 72344 248
2047872 1977032 70840 248
2047872 1975780 72092 244
2047872 1971688 76184 240
2047872 1973920 73952 244
2047872 1975408 72464 244
2047872 257452 1790420 1024
