2047872 548484 1499388 9384
2047872 604968 1442904 9408
2047872 662304 1385568 9408
2047872 719708 1328164 9416
2047872 773868 1274004 9416
2047872 850476 1197396 9416
2047872 952060 1095812 9424
2047872 1055856 992016 9424
2047872 1164120 883752 9424
2047872 1274980 772892 9432
2047872 1379576 668296 9432
2047872 1496136 551736 9440
2047872 1591940 455932 9440
2047872 1687508 360364 9440
2047872 1791080 256792 9448
2047872 1904328 143544 9448
2047872 1975448 72424 332
2047872 1965952 81920 2236
2047872 1970184 77688 1972
2047872 1972840 75032 2088
2047872 1965280 82592 1936
2047872 1970876 76996 884
2047872 1969244 78628 464
2047872 1967620 80252 464
2047872 1970164 77708 248
2047872 1972428 75444 604
2047872 1975700 72172 596
2047872 1970212 77660 596
2047872 1971328 76544 604
2047872 1958504 89368 720
2047872 1969164 78708 644
2047872 1972564 75308 440
2047872 1981676 66196 332
2047872 1971468 76404 240
2047872 1972616 75256 392
2047872 1976920 70952 392
2047872 1962596 85276 388
2047872 1971484 76388 392
2047872 1979012 68860 336
2047872 1969628 78244 252
2047872 1967700 80172 252
2047872 1974952 72920 252
2047872 1971120 76752 252
2047872 1970108 77764 1724
2047872 1987380 60492 2708
2047872 1971840 76032 4304
2047872 1976172 71700 4304
2047872 1980912 66960 4304
2047872 1973936 73936 4068
2047872 1977976 69896 2880
2047872 1970432 77440 2732
2047872 1963688 84184 444
2047872 1977408 70464 300
2047872 1970336 77536 244
2047872 1979620 68252 248
2047872 1978272 69600 248
2047872 1979268 68604 248
2047872 1971576 76296 232
