2047872 558976 1488896 8788
2047872 616744 1431128 8796
2047872 672600 1375272 8796
2047872 727812 1320060 8804
2047872 781184 1266688 8804
2047872 869924 1177948 8804
2047872 984220 1063652 8812
2047872 1080844 967028 8812
2047872 1195348 852524 8812
2047872 1301500 746372 8820
2047872 1402484 645388 8820
2047872 1504216 543656 8820
2047872 1611440 436432 8828
2047872 1739828 308044 9936
2047872 1830956 216916 9936
2047872 1971740 76132 584
2047872 1956800 91072 1256
2047872 1974972 72900 848
2047872 1852812 195060 252
2047872 1978324 69548 4072
2047872 1988044 59828 3144
2047872 1975304 72568 5292
2047872 1974032 73840 4228
2047872 1972912 74960 3812
2047872 1968956 78916 1680
2047872 1970276 77596 1764
2047872 1979080 68792 1772
2047872 1964772 83100 1696
2047872 1981104 66768 1668
2047872 1964288 83584 444
2047872 1980044 67828 328
2047872 1970344 77528 328
2047872 1972308 75564 336
2047872 1974180 73692 224
2047872 1977672 70200 568
2047872 1971388 76484 576
2047872 1971452 76420 576
2047872 1973476 74396 520
2047872 1972156 75716 528
2047872 1967812 80060 528
2047872 1978640 69232 232
2047872 1976104 71768 232
2047872 1973232 74640 240
2047872 1974392 73480 240
2047872 1965836 82036 232
2047872 1979104 68768 216
2047872 1974960 72912 216
2047872 1967488 80384 228
2047872 1970416 77456 228
2047872 1977172 70700 228
2047872 1961724 86148 236
2047872 1973160 74712 236
2047872 1972320 75552 232
2047872 1974856 73016 232
2047872 1971136 76736 212
2047872 1973716 74156 220
2047872 1972940 74932 220
