2047872 570716 1477156 9324
2047872 641784 1406088 9324
2047872 717220 1330652 9324
2047872 787820 1260052 9332
2047872 875196 1172676 9332
2047872 955308 1092564 9340
2047872 1032296 1015576 9340
2047872 1106040 941832 9348
2047872 1187968 859904 9348
2047872 1262132 785740 9348
2047872 1337512 710360 9356
2047872 1424028 623844 9356
2047872 1498216 549656 9364
2047872 1578720 469152 9364
2047872 1659024 388848 9372
2047872 1730500 317372 9372
2047872 1799844 248028 9380
2047872 1872140 175732 9380
2047872 1948876 98996 9380
2047872 1970784 77088 288
2047872 1974696 73176 1116
2047872 1987564 60308 1436
2047872 1974040 73832 244
2047872 1955388 92484 244
2047872 1980776 67096 504
2047872 1988520 59352 648
2047872 1991512 56360 584
2047872 1978504 69368 564
2047872 1982616 65256 516
2047872 1979128 68744 320
2047872 1976200 71672 320
2047872 1964908 82964 548
2047872 1983428 64444 540
2047872 1990136 57736 532
2047872 1973260 74612 540
2047872 1981388 66484 488
2047872 1972136 75736 244
2047872 1990916 56956 244
2047872 1988660 59212 224
2047872 1992452 55420 208
2047872 1991536 56336 344
2047872 1992064 55808 352
2047872 1991380 56492 304
2047872 1991996 55876 316
2047872 1991344 56528 212
2047872 1992016 55856 212
2047872 1992676 55196 220
2047872 1992064 55808 204
2047872 1217712 830160 4060
2047872 1335788 712084 4852
2047872 1455232 592640 5948
2047872 1567620 480252 7040
2047872 1660964 386908 7040
2047872 1757856 290016 7040
2047872 1873576 174296 7048
2047872 1981772 66100 7048
2047872 1974372 73500 3120
2047872 1971400 76472 2232
2047872 1977444 70428 2388
2047872 1975948 71924 2892
2047872 1965696 82176 1628
2047872 1974588 73284 1068
2047872 1969988 77884 1068
2047872 1973312 74560 740
2047872 1972212 75660 740
2047872 1970768 77104 740
2047872 1968808 79064 748
2047872 1970216 77656 244
2047872 1970412 77460 228
2047872 1964544 83328 216
2047872 1966496 81376 220
2047872 1978028 69844 212
2047872 1980700 67172 196
2047872 1989944 57928 196
2047872 1992144 55728 464
2047872 257596 1790276 3328
