2047872 571036 1476836 9324
2047872 642908 1404964 9324
2047872 718628 1329244 9332
2047872 786864 1261008 9332
2047872 875980 1171892 9332
2047872 957620 1090252 9340
2047872 1030828 1017044 9340
2047872 1105840 942032 9348
2047872 1188092 859780 9348
2047872 1262132 785740 9348
2047872 1338424 709448 9356
2047872 1426060 621812 9356
2047872 1498652 549220 9364
2047872 1576580 471292 9364
2047872 1648188 399684 9372
2047872 1723600 324272 9372
2047872 1794328 253544 9380
2047872 1863532 184340 9380
2047872 1942116 105756 9380
2047872 1970784 77088 288
2047872 1964876 82996 1116
2047872 1984160 63712 1436
2047872 1975616 72256 236
2047872 1979208 68664 244
2047872 1990284 57588 504
2047872 1991120 56752 512
2047872 1987064 60808 648
2047872 1976996 70876 564
2047872 1978932 68940 516
2047872 1985088 62784 320
2047872 1974656 73216 320
2047872 1976476 71396 224
2047872 1989232 58640 548
2047872 1987344 60528 532
2047872 1973968 73904 540
2047872 1992768 55104 488
2047872 1976032 71840 244
2047872 1990604 57268 244
2047872 1988784 59088 224
2047872 1991820 56052 208
2047872 1987868 60004 344
2047872 1992584 55288 352
2047872 1992804 55068 304
2047872 1992512 55360 316
2047872 1992232 55640 212
2047872 1992832 55040 212
2047872 1979300 68572 200
2047872 1991348 56524 204
