2095100 340440 1754660 158984
2095100 340404 1754696 159008
2095100 340400 1754700 159012
2095100 340316 1754784 159028
2095100 340316 1754784 159048
2095100 340312 1754788 159048
2095100 340312 1754788 159040
2095100 340308 1754792 159092
2095100 340288 1754812 159320
2095100 340288 1754812 159612
2095100 340288 1754812 159612
2095100 340288 1754812 159616
2095100 340288 1754812 159616
2095100 340292 1754808 71552
2095100 419836 1675264 45928
2095100 516196 1578904 43636
2095100 559740 1535360 40264
2095100 598440 1496660 37280
2095100 629300 1465800 38296
2095100 677728 1417372 40264
2095100 714608 1380492 39536
2095100 751864 1343236 39500
2095100 795616 1299484 38916
2095100 836256 1258844 38456
2095100 874776 1220324 38304
2095100 915736 1179364 37184
2095100 955360 1139740 36280
2095100 1002752 1092348 36936
2095100 1032192 1062908 36660
2095100 1073188 1021912 35724
2095100 1113552 981548 36016
2095100 1154556 940544 35060
2095100 1193072 902028 34712
2095100 1229904 865196 34632
2095100 1265868 829232 35608
2095100 1284648 810452 38492
2095100 1319168 775932 40872
2095100 1365692 729408 40032
2095100 1401112 693988 40000
2095100 1435744 659356 43012
2095100 1483340 611760 41668
2095100 1516628 578472 41024
2095100 1550532 544568 41868
2095100 1589896 505204 41368
2095100 1627480 467620 39448
2095100 1664828 430272 42324
2095100 1699484 395616 41340
2095100 1739276 355824 40216
2095100 1781140 313960 38876
2095100 1816072 279028 37780
2095100 1851756 243344 36332
2095100 1888680 206420 35064
2095100 1922872 172228 33888
2095100 1960016 135084 33184
2095100 2007640 87460 28964
2095100 2071828 23272 14200
2095100 605536 1489564 39968
