2095100 450600 1644500 147296
2095100 450600 1644500 147324
2095100 450592 1644508 147324
2095100 450592 1644508 147332
2095100 450592 1644508 147332
2095100 450588 1644512 147372
2095100 450588 1644512 147368
2095100 450588 1644512 147368
2095100 450588 1644512 147368
2095100 450588 1644512 147368
2095100 450588 1644512 139128
2095100 450588 1644512 73364
2095100 527336 1567764 50652
2095100 557200 1537900 49900
2095100 599696 1495404 47696
2095100 659112 1435988 41948
2095100 682532 1412568 41228
2095100 726924 1368176 38120
2095100 760116 1334984 36476
2095100 796332 1298768 36056
2095100 836340 1258760 34784
2095100 883212 1211888 34432
2095100 907872 1187228 34576
2095100 953596 1141504 33896
2095100 990872 1104228 33876
2095100 1078656 1016444 33860
2095100 1110872 984228 40856
2095100 1171688 923412 40484
2095100 1200088 895012 39900
2095100 1229592 865508 39792
2095100 1276412 818688 39188
2095100 1320628 774472 38900
2095100 1347480 747620 38092
2095100 1391240 703860 37484
2095100 1418768 676332 36312
2095100 1455124 639976 36432
2095100 1504148 590952 36636
2095100 1547504 547596 35800
2095100 1585532 509568 35748
2095100 1630256 464844 34712
2095100 1651124 443976 34588
2095100 1684364 410736 34628
2095100 1720084 375016 34864
2095100 1764180 330920 34316
2095100 1803924 291176 34180
2095100 1834992 260108 33736
2095100 1881676 213424 33516
2095100 1906952 188148 33336
2095100 1957612 137488 33204
2095100 2017724 77376 36176
2095100 2051724 43376 39328
2095100 2095100 0 6624
