2095100 450600 1644500 147296
2095100 450600 1644500 147324
2095100 450592 1644508 147324
2095100 450592 1644508 147332
2095100 450592 1644508 147332
2095100 450588 1644512 147372
2095100 450588 1644512 147368
2095100 450588 1644512 147368
2095100 450588 1644512 147368
2095100 450588 1644512 147368
2095100 450588 1644512 139128
2095100 450588 1644512 73364
2095100 526004 1569096 50676
2095100 557876 1537224 49904
2095100 600868 1494232 47732
2095100 660632 1434468 41816
2095100 696240 1398860 41048
2095100 728120 1366980 38004
2095100 760852 1334248 36476
2095100 796492 1298608 35976
2095100 836744 1258356 34980
2095100 883544 1211556 34484
2095100 914920 1180180 34524
2095100 958848 1136252 33760
2095100 991456 1103644 33844
2095100 1078656 1016444 33944
2095100 1106320 988780 40772
2095100 1175844 919256 40284
2095100 1200308 894792 39900
2095100 1229280 865820 39888
2095100 1264564 830536 39476
2095100 1294340 800760 39080
2095100 1339976 755124 38464
2095100 1386324 708776 37252
2095100 1413420 681680 36256
2095100 1452932 642168 36292
2095100 1504840 590260 36544
2095100 1547004 548096 35700
2095100 1583860 511240 35636
2095100 1627572 467528 35364
2095100 1648696 446404 34640
2095100 1683488 411612 34768
2095100 1718004 377096 34836
2095100 1754772 340328 34716
2095100 1802296 292804 34172
2095100 1830740 264360 34152
2095100 1866648 228452 33572
2095100 1896972 198128 33164
2095100 1956200 138900 31792
2095100 2017680 77420 36532
2095100 2051724 43376 39328
2095100 2095100 0 6624
