2095100 553688 1541412 90316
2095100 553268 1541832 90356
2095100 553180 1541920 90328
2095100 552880 1542220 90336
2095100 552688 1542412 90456
2095100 552584 1542516 90448
2095100 552548 1542552 90472
2095100 552492 1542608 90464
2095100 552448 1542652 90460
2095100 552388 1542712 90464
2095100 552344 1542756 90472
2095100 552288 1542812 90476
2095100 552268 1542832 90480
2095100 552264 1542836 90472
2095100 552248 1542852 90472
2095100 552240 1542860 90472
2095100 552180 1542920 90456
2095100 552180 1542920 90476
2095100 552172 1542928 90472
2095100 552180 1542920 42652
2095100 622572 1472528 37524
2095100 671056 1424044 36812
2095100 713632 1381468 34280
2095100 777604 1317496 37740
2095100 797520 1297580 37664
2095100 826504 1268596 37436
2095100 857504 1237596 35744
2095100 905244 1189856 34592
2095100 944540 1150560 35844
2095100 989976 1105124 32864
2095100 1029268 1065832 33616
2095100 1083984 1011116 32652
2095100 1109424 985676 31928
2095100 1143272 951828 30432
2095100 1207160 887940 28176
2095100 1278532 816568 26464
2095100 1367104 727996 25660
2095100 1431116 663984 24460
2095100 1505220 589880 25260
2095100 1568836 526264 25572
2095100 1642892 452208 25036
2095100 1701140 393960 24584
2095100 1777872 317228 35096
2095100 1834896 260204 33784
2095100 1899332 195768 31624
2095100 1966856 128244 30320
2095100 2030872 64228 25700
2095100 2079196 15904 23460
