2095100 510436 1584664 98688
2095100 510420 1584680 98668
2095100 510412 1584688 98676
2095100 510412 1584688 98672
2095100 510412 1584688 98676
2095100 510412 1584688 98676
2095100 510412 1584688 98676
2095100 510412 1584688 98676
2095100 510412 1584688 98676
2095100 510412 1584688 98676
2095100 510412 1584688 98676
2095100 510412 1584688 98680
2095100 510412 1584688 98668
2095100 509892 1585208 113788
2095100 509892 1585208 115432
2095100 496580 1598520 178572
2095100 565888 1529212 146496
2095100 632392 1462708 155692
2095100 624312 1470788 41884
2095100 615548 1479552 54172
2095100 671852 1423248 70672
2095100 719168 1375932 67420
2095100 751168 1343932 59260
2095100 785392 1309708 54428
2095100 826548 1268552 39284
2095100 873196 1221904 13700
2095100 911636 1183464 12812
2095100 959520 1135580 11508
2095100 997248 1097852 12892
2095100 1032396 1062704 12524
2095100 1076272 1018828 12320
2095100 1115516 979584 12444
2095100 1150728 944372 12316
2095100 1188344 906756 21660
2095100 1232636 862464 21448
2095100 1271192 823908 21188
2095100 1311396 783704 20188
2095100 1351000 744100 18804
2095100 1391012 704088 16068
2095100 1430868 664232 14492
2095100 1468368 626732 14404
2095100 1507128 587972 13272
2095100 1548132 546968 12888
2095100 1590296 504804 12108
2095100 1630876 464224 12848
2095100 1669096 426004 12680
2095100 1706412 388688 12540
2095100 1744368 350732 12336
2095100 1778680 316420 12388
2095100 1817920 277180 12276
2095100 1859456 235644 12508
2095100 1897644 197456 11376
2095100 1936084 159016 11248
2095100 1991852 103248 10840
2095100 2023928 71172 10356
2095100 2056124 38976 11600
2095100 2092992 2108 11688
