2095100 504304 1590796 87412
2095100 504136 1590964 87932
2095100 504136 1590964 87936
2095100 504136 1590964 87936
2095100 504132 1590968 87936
2095100 504120 1590980 87936
2095100 504112 1590988 87936
2095100 504108 1590992 87936
2095100 504108 1590992 87936
2095100 504092 1591008 87936
2095100 504084 1591016 87940
2095100 504080 1591020 87944
2095100 504076 1591024 87944
2095100 504060 1591040 87944
2095100 504056 1591044 87944
2095100 504056 1591044 87944
2095100 504084 1591016 38216
2095100 543352 1551748 25772
2095100 576396 1518704 27404
2095100 618776 1476324 24824
2095100 660536 1434564 23500
2095100 701344 1393756 22456
2095100 739400 1355700 20960
2095100 790560 1304540 18896
2095100 823648 1271452 18916
2095100 867888 1227212 23180
2095100 906924 1188176 23356
2095100 945680 1149420 22756
2095100 983980 1111120 21712
2095100 1031480 1063620 21088
2095100 1065856 1029244 20668
2095100 1105060 990040 19112
2095100 1141436 953664 18576
2095100 1200808 894292 35168
2095100 1234276 860824 37400
2095100 1268708 826392 38040
2095100 1324396 770704 37176
2095100 1355056 740044 36044
2095100 1393268 701832 35124
2095100 1429424 665676 33068
2095100 1464996 630104 29068
2095100 1502064 593036 35276
2095100 1539536 555564 36476
2095100 1585400 509700 35756
2095100 1632104 462996 41868
2095100 1682692 412408 50308
2095100 1711176 383924 48792
2095100 1739328 355772 47624
2095100 1774828 320272 46884
2095100 1804544 290556 44536
2095100 1837040 258060 42532
2095100 1869264 225836 37572
2095100 1892032 203068 33036
2095100 1921588 173512 30992
2095100 1953768 141332 26464
2095100 1985232 109868 24032
2095100 2014160 80940 27448
2095100 2068624 26476 30632
2095100 570180 1524920 46800
