2095100 553688 1541412 90316
2095100 553296 1541804 90328
2095100 553180 1541920 90328
2095100 552880 1542220 90336
2095100 552672 1542428 90444
2095100 552584 1542516 90448
2095100 552548 1542552 90472
2095100 552492 1542608 90464
2095100 552448 1542652 90460
2095100 552388 1542712 90464
2095100 552344 1542756 90472
2095100 552288 1542812 90476
2095100 552268 1542832 90480
2095100 552264 1542836 90472
2095100 552248 1542852 90472
2095100 552240 1542860 90472
2095100 552180 1542920 90456
2095100 552180 1542920 90476
2095100 552172 1542928 90472
2095100 552180 1542920 42832
2095100 622612 1472488 35520
2095100 672904 1422196 35024
2095100 715772 1379328 34248
2095100 775816 1319284 38396
2095100 801416 1293684 37984
2095100 830656 1264444 36648
2095100 867664 1227436 35732
2095100 908044 1187056 34604
2095100 947768 1147332 36600
2095100 990804 1104296 33008
2095100 1033196 1061904 33716
2095100 1086840 1008260 32700
2095100 1115240 979860 31188
2095100 1148280 946820 30232
2095100 1208764 886336 27700
2095100 1270396 824704 27112
2095100 1362288 732812 25324
2095100 1435212 659888 24248
2095100 1504980 590120 25316
2095100 1569008 526092 25580
2095100 1637840 457260 25140
2095100 1695892 399208 24356
2095100 1772256 322844 35932
2095100 1830248 264852 33716
2095100 1891264 203836 31848
2095100 1944168 150932 30948
2095100 2001472 93628 28408
2095100 2063240 31860 24612
2095100 1383200 711900 47332
2095100 1382460 712640 50104
2095100 1381984 713116 57744
2095100 1381716 713384 62240
2095100 1381672 713428 62228
2095100 1381660 713440 62232
2095100 1381592 713508 62236
2095100 1392904 702196 51424
2095100 1448088 647012 23924
2095100 1491372 603728 25500
2095100 1524596 570504 25408
2095100 1556472 538628 24836
2095100 1594892 500208 24744
2095100 1628900 466200 23300
2095100 1664720 430380 21104
2095100 1698588 396512 19308
2095100 1733392 361708 18756
2095100 1767956 327144 17844
2095100 1804476 290624 17480
2095100 1840688 254412 17328
2095100 1875804 219296 17192
2095100 1922092 173008 16672
2095100 1958260 136840 16360
2095100 1986960 108140 16416
2095100 2025864 69236 16224
2095100 2053080 42020 21016
2095100 2086452 8648 21660
2095100 767128 1327972 32068
