2095100 394572 1700528 134176
2095100 394564 1700536 134224
2095100 394564 1700536 134224
2095100 394560 1700540 134224
2095100 394560 1700540 134224
2095100 394560 1700540 134216
2095100 394552 1700548 134224
2095100 394544 1700556 134224
2095100 394540 1700560 134224
2095100 394536 1700564 134224
2095100 394536 1700564 134228
2095100 394536 1700564 134228
2095100 394536 1700564 134232
2095100 394536 1700564 134232
2095100 399976 1695124 113548
2095100 419216 1675884 35192
2095100 514888 1580212 48836
2095100 563888 1531212 47188
2095100 603536 1491564 44552
2095100 639172 1455928 41128
2095100 696844 1398256 37808
2095100 735616 1359484 36232
2095100 775892 1319208 34960
2095100 827924 1267176 36944
2095100 872492 1222608 36252
2095100 909496 1185604 36028
2095100 944740 1150360 35804
2095100 989856 1105244 35880
2095100 1034284 1060816 35344
2095100 1074116 1020984 35336
2095100 1113012 982088 34904
2095100 1163968 931132 34156
2095100 1200824 894276 33672
2095100 1236620 858480 33952
2095100 1278360 816740 33304
2095100 1325832 769268 32820
2095100 1367852 727248 32508
2095100 1409060 686040 32212
2095100 1445728 649372 32276
2095100 1487036 608064 32336
2095100 1519180 575920 32332
2095100 1561052 534048 38100
2095100 1596848 498252 43788
2095100 1636512 458588 43236
2095100 1675580 419520 42708
2095100 1714036 381064 42508
2095100 1752812 342288 42288
2095100 1789220 305880 42548
2095100 1830736 264364 42576
2095100 1867616 227484 41612
2095100 1908156 186944 40388
2095100 1959156 135944 35552
2095100 2028568 66532 17892
2095100 2088140 6960 15748
