11316 mgvvst    20   0   36832  22140   3104 R  97,3  1,1   0:01.05      0  22140 bash
11316 mgvvst    20   0   97200  82592   3104 R  94,2  4,0   0:04.51      0  82592 bash
11316 mgvvst    20   0  178340 163640   3104 R  95,5  8,0   0:08.70      0 163640 bash
11316 mgvvst    20   0  236872 222248   3104 R 100,0 10,9   0:12.13      0 222248 bash
11316 mgvvst    20   0  342516 327848   3104 R 100,0 16,0   0:17.88      0 327848 bash
11316 mgvvst    20   0  414956 400184   3104 R  99,9 19,5   0:21.72      0 400184 bash
11316 mgvvst    20   0  450996 436352   3104 R 100,0 21,3   0:23.79      0 436352 bash
11316 mgvvst    20   0  504920 490208   3104 R 100,0 23,9   0:26.70      0 490208 bash
11316 mgvvst    20   0  542616 527960   3104 R 100,0 25,8   0:28.76      0 527960 bash
11316 mgvvst    20   0  580296 565712   3104 R 100,0 27,6   0:30.87      0 565712 bash
11316 mgvvst    20   0  674128 659432   3104 R  95,4 32,2   0:35.52      0 659432 bash
11316 mgvvst    20   0  714280 699508   3052 R 100,0 34,2   0:37.77      0 699508 bash
11316 mgvvst    20   0  765332 723208    432 R  85,6 35,3   0:42.14  24896 748104 bash
11316 mgvvst    20   0  784808 729880    432 R  87,9 35,6   0:44.20  37496 767376 bash
11316 mgvvst    20   0  803020 727104   1080 R 100,0 35,5   0:46.09  59352 786456 bash
11316 mgvvst    20   0  820508 714688   1080 R  79,2 34,9   0:47.82  89192 803880 bash
11316 mgvvst    20   0  848392 721456   1080 R  79,2 35,2   0:50.18 110144 831600 bash
11316 mgvvst    20   0  868624 728656   1080 R  87,7 35,6   0:52.08 123276 851932 bash
11316 mgvvst    20   0  885000 728344   1080 R  92,3 35,6   0:54.09 139952 868296 bash
11316 mgvvst    20   0  900376 725812   1080 R  98,1 35,4   0:55.93 157796 883608 bash
11316 mgvvst    20   0  920676 726584   1080 R 100,0 35,5   0:58.11 177352 903936 bash
11316 mgvvst    20   0  940628 722772   1080 R  95,4 35,3   1:00.10 201232 924004 bash
11316 mgvvst    20   0  963024 722552   1080 R 100,0 35,3   1:02.52 223888 946440 bash
11316 mgvvst    20   0  981736 725784   1080 R  99,9 35,4   1:04.42 239136 964920 bash
11316 mgvvst    20   0  998016 725744   1080 R 100,0 35,4   1:06.44 255544 981288 bash
11316 mgvvst    20   0 1034260 718656   1080 R 100,0 35,1   1:09.27 298800 993,6m bash
11316 mgvvst    20   0 1049828 717776   1080 R  80,1 35,0   1:11.15 315256 0,985g bash
11316 mgvvst    20   0 1070268 706472   1080 R  98,6 34,5   1:13.38 347152 1,005g bash
11316 mgvvst    20   0 1099160 722292   1080 R  91,8 35,3   1:15.66 360108 1,032g bash
11316 mgvvst    20   0 1112552 721140   1080 R  87,7 35,2   1:17.47 374724 1,045g bash
11316 mgvvst    20   0 1127792 716912   1080 R  84,6 35,0   1:19.30 394264 1,060g bash
11316 mgvvst    20   0 1146040 716264   1080 R  89,6 35,0   1:21.39 413144 1,077g bash
11316 mgvvst    20   0 1165460 716624   1080 R  69,6 35,0   1:23.37 432040 1,095g bash
11316 mgvvst    20   0 1182700 710972   1080 R  93,2 34,7   1:25.41 455116 1,112g bash
11316 mgvvst    20   0 1201860 716800   1080 R  91,9 35,0   1:27.33 468296 1,130g bash
11316 mgvvst    20   0 1219736 715736   1080 R 100,0 35,0   1:29.33 487312 1,147g bash
11316 mgvvst    20   0 1251856 722328   1080 R  77,9 35,3   1:33.24 512928 1,178g bash
11316 mgvvst    20   0 1270440 719664   1080 R  96,8 35,1   1:35.75 534072 1,196g bash
11316 mgvvst    20   0 1288444 718768   1080 R 100,0 35,1   1:38.03 552920 1,213g bash
11316 mgvvst    20   0 1302560 710604   1080 R  78,2 34,7   1:39.71 575340 1,226g bash
11316 mgvvst    20   0 1323204 720420   1080 R  69,0 35,2   1:41.62 586116 1,246g bash
11316 mgvvst    20   0 1339624 720212   1080 R 100,0 35,2   1:43.80 602692 1,262g bash
11316 mgvvst    20   0 1354688 716944   1080 R  72,9 35,0   1:45.70 621008 1,276g bash
11316 mgvvst    20   0 1374716 715864   1080 R  82,1 35,0   1:47.75 642152 1,295g bash
11316 mgvvst    20   0 1394364 723380   1080 R  92,8 35,3   1:49.85 654172 1,314g bash
11316 mgvvst    20   0 1413092 728496   1080 R  84,5 35,6   1:51.84 667800 1,332g bash
11316 mgvvst    20   0 1430876 725508   1080 R  74,8 35,4   1:53.77 688740 1,349g bash
11316 mgvvst    20   0 1449376 729100   1080 R  62,4 35,6   1:55.76 703628 1,366g bash
11316 mgvvst    20   0 1476236 749096   1080 R  72,4 36,6   1:58.06 710560 1,392g bash
11316 mgvvst    20   0 1503608 773092   1080 R  97,6 37,8   2:00.25 713756 1,418g bash
11316 mgvvst    20   0 1523748 786632   1080 R  98,2 38,4   2:02.07 720544 1,437g bash
11316 mgvvst    20   0       0      0      0 Z   0,0  0,0   2:07.20      0      0 bash
