11315 mgvvst    20   0   39516  24708   3028 R  95,5  1,2   0:01.32      0  24708 bash
11315 mgvvst    20   0  108192  93340   3028 R 100,0  4,6   0:05.23      0  93340 bash
11315 mgvvst    20   0  177512 162772   3028 R  96,7  7,9   0:08.77      0 162772 bash
11315 mgvvst    20   0  232300 217684   3028 R  99,5 10,6   0:11.96      0 217684 bash
11315 mgvvst    20   0  336776 321964   3028 R 100,0 15,7   0:17.69      0 321964 bash
11315 mgvvst    20   0  408100 393244   3028 R 100,0 19,2   0:21.45      0 393244 bash
11315 mgvvst    20   0  444356 429676   3028 R 100,0 21,0   0:23.55      0 429676 bash
11315 mgvvst    20   0  499052 484324   3028 R 100,0 23,7   0:26.42      0 484324 bash
11315 mgvvst    20   0  537512 522868   3028 R  98,5 25,5   0:28.49      0 522868 bash
11315 mgvvst    20   0  574732 560092   3028 R 100,0 27,3   0:30.58      0 560092 bash
11315 mgvvst    20   0  672608 657772   3028 R 100,0 32,1   0:35.43      0 657772 bash
11315 mgvvst    20   0  710572 695760   3000 R  99,0 34,0   0:37.60      0 695760 bash
11315 mgvvst    20   0  758672 717848    432 R  97,3 35,1   0:41.99  23392 741240 bash
11315 mgvvst    20   0  778168 725160    432 R  60,6 35,4   0:43.99  35616 760776 bash
11315 mgvvst    20   0  796388 723344    432 R  90,4 35,3   0:45.76  55648 778992 bash
11315 mgvvst    20   0  816148 714092   1040 R  90,8 34,9   0:47.71  85268 799360 bash
11315 mgvvst    20   0  848092 726640   1040 R 100,0 35,5   0:50.13 104660 831300 bash
11315 mgvvst    20   0  868296 732576   1040 R  80,9 35,8   0:52.06 119052 851628 bash
11315 mgvvst    20   0  887436 734248   1040 R  93,9 35,9   0:54.22 136388 870636 bash
11315 mgvvst    20   0  904196 733764   1040 R 100,0 35,8   0:56.14 153768 887532 bash
11315 mgvvst    20   0  918996 728340   1040 R  96,4 35,6   0:58.10 173976 902316 bash
11315 mgvvst    20   0  939408 725148   1040 R  83,2 35,4   1:00.07 197496 922644 bash
11315 mgvvst    20   0  960156 732212   1040 R  86,0 35,8   1:02.07 211288 943500 bash
11315 mgvvst    20   0  979612 731160   1040 R  92,1 35,7   1:04.04 231612 962772 bash
11315 mgvvst    20   0 1002000 735232   1040 R  82,4 35,9   1:06.45 249980 985212 bash
11315 mgvvst    20   0 1036244 727064   1040 R 100,0 35,5   1:09.20 292468 995,6m bash
11315 mgvvst    20   0 1056080 729316   1040 R  94,3 35,6   1:11.26 310016 0,991g bash
11315 mgvvst    20   0 1077076 718448   1040 R  97,4 35,1   1:13.34 342004 1,011g bash
11315 mgvvst    20   0 1105624 733752   1040 R 100,0 35,8   1:15.70 355212 1,039g bash
11315 mgvvst    20   0 1120388 733792   1040 R 100,0 35,8   1:17.75 369956 1,053g bash
11315 mgvvst    20   0 1142128 732936   1040 R  83,7 35,8   1:20.15 392460 1,073g bash
11315 mgvvst    20   0 1159932 727848   1040 R  86,2 35,5   1:22.18 415236 1,090g bash
11315 mgvvst    20   0 1180340 735688   1040 R  95,1 35,9   1:24.06 427988 1,110g bash
11315 mgvvst    20   0 1196892 730552   1040 R  97,9 35,7   1:25.91 449492 1,125g bash
11315 mgvvst    20   0 1217176 736764   1040 R  95,3 36,0   1:27.85 463608 1,145g bash
11315 mgvvst    20   0 1231700 732380   1040 R  86,8 35,8   1:29.71 482512 1,159g bash
11315 mgvvst    20   0 1260972 736756   1040 R  93,6 36,0   1:33.45 507440 1,187g bash
11315 mgvvst    20   0 1280000 734136   1040 R  79,4 35,8   1:36.18 529068 1,205g bash
11315 mgvvst    20   0 1299004 734284   1040 R 100,0 35,9   1:38.21 547928 1,223g bash
11315 mgvvst    20   0 1314492 726420   1040 R  96,6 35,5   1:39.76 571368 1,238g bash
11315 mgvvst    20   0 1333756 734172   1040 R  99,1 35,9   1:41.86 582888 1,256g bash
11315 mgvvst    20   0 1349232 732788   1040 R  94,8 35,8   1:43.85 599848 1,271g bash
11315 mgvvst    20   0 1367372 732684   1040 R  80,4 35,8   1:45.96 617904 1,288g bash
11315 mgvvst    20   0 1388088 730440   1040 R  94,4 35,7   1:48.33 641004 1,308g bash
11315 mgvvst    20   0 1410616 739920   1040 R  93,6 36,1   1:50.55 653964 1,329g bash
11315 mgvvst    20   0 1431736 747900   1040 R  88,2 36,5   1:52.63 667104 1,349g bash
11315 mgvvst    20   0 1448764 741108   1040 R 100,0 36,2   1:54.90 691056 1,366g bash
11315 mgvvst    20   0 1470380 749696   1040 R 100,0 36,6   1:56.96 703852 1,386g bash
11315 mgvvst    20   0 1499312 774436   1040 R  89,1 37,8   1:59.16 708152 1,414g bash
11315 mgvvst    20   0 1524512 796248   1040 R  95,3 38,9   2:01.05 711420 1,438g bash
11315 mgvvst    20   0 1549408 814468   1040 R  97,1 39,8   2:03.01 718280 1,462g bash
11315 1000      20   0 1590240 853720    380 D   2,9 41,7   2:07.60 719268 1,500g bash
