13306 mgvvst    20   0   41700  27036   2984 R 100,0  1,3   0:01.28      0  27036 bash
13306 mgvvst    20   0   79332  64524   2984 R 100,0  3,2   0:03.45      0  64524 bash
13306 mgvvst    20   0  117156 102268   2984 R  98,5  5,0   0:05.56      0 102268 bash
13306 mgvvst    20   0  152560 137908   2984 R 100,0  6,7   0:07.79      0 137908 bash
13306 mgvvst    20   0  189808 175132   2984 R  97,1  8,6   0:09.94      0 175132 bash
13306 mgvvst    20   0  228220 213412   2984 R 100,0 10,4   0:12.11      0 213412 bash
13306 mgvvst    20   0  266116 251428   2984 R  92,1 12,3   0:14.16      0 251428 bash
13306 mgvvst    20   0  304576 289708   2984 R 100,0 14,1   0:16.23      0 289708 bash
13306 mgvvst    20   0  344328 329572   2984 R 100,0 16,1   0:18.39      0 329572 bash
13306 mgvvst    20   0  383528 368644   2984 R  98,8 18,0   0:20.51      0 368644 bash
13306 mgvvst    20   0  420696 405868   2984 R  81,5 19,8   0:22.66      0 405868 bash
13306 mgvvst    20   0  464060 449164   2984 R  94,7 21,9   0:25.01      0 449164 bash
13306 mgvvst    20   0  501372 486652   2984 R  93,8 23,8   0:27.13      0 486652 bash
13306 mgvvst    20   0  538036 523348   2984 R  98,9 25,6   0:29.20      0 523348 bash
13306 mgvvst    20   0  574996 560308   2984 R 100,0 27,4   0:31.23      0 560308 bash
13306 mgvvst    20   0  613100 598324   2984 R  96,2 29,2   0:33.32      0 598324 bash
13306 mgvvst    20   0  648744 633964   2984 R  97,0 31,0   0:35.53      0 633964 bash
13306 mgvvst    20   0  684120 669340   2984 R  87,3 32,7   0:37.60      0 669340 bash
13306 mgvvst    20   0  722616 707884   2984 R  94,4 34,6   0:39.74      0 707884 bash
13306 mgvvst    20   0  766352 750884   2424 R  89,2 36,7   0:42.11      0 750884 bash
13306 mgvvst    20   0  809352 791716    884 D  96,6 38,7   0:45.14    636 792352 bash
13306 mgvvst    20   0  826720 796788    884 R  80,9 38,9   0:47.14  12988 809776 bash
13306 mgvvst    20   0  842900 788796    884 R  71,1 38,5   0:48.82  37348 826144 bash
13306 mgvvst    20   0  862972 779024    884 R 100,0 38,0   0:50.60  67184 846208 bash
13306 mgvvst    20   0  884928 787976    884 R 100,0 38,5   0:52.47  80144 868120 bash
13306 mgvvst    20   0  901592 790128    884 R  82,9 38,6   0:54.28  94624 884752 bash
13306 mgvvst    20   0  918008 792280    884 R  65,5 38,7   0:56.39 108840 901120 bash
13306 mgvvst    20   0  935592 789284    884 R  86,9 38,5   0:58.26 129524 918808 bash
13306 mgvvst    20   0  952712 781268    884 R  62,5 38,2   1:00.10 154436 935704 bash
13306 mgvvst    20   0  977632 791244    884 R  91,3 38,6   1:02.08 169540 960784 bash
13306 mgvvst    20   0  996796 787608    884 R  62,0 38,5   1:03.89 192184 979792 bash
13306 mgvvst    20   0 1022120 780644    884 R 100,0 38,1   1:05.91 224492 981,6m bash
13306 mgvvst    20   0 1042296 786988    884 R  90,3 38,4   1:07.80 238476 0,978g bash
13306 mgvvst    20   0 1061632 789292    884 R  95,3 38,5   1:09.69 255444 0,996g bash
13306 mgvvst    20   0 1085080 777644    884 R  60,0 38,0   1:11.74 290588 1,019g bash
13306 mgvvst    20   0 1131600 790520    884 R  96,5 38,6   1:13.88 324176 1,063g bash
13306 mgvvst    20   0 1174920 788476    884 R 100,0 38,5   1:15.94 369516 1,104g bash
13306 mgvvst    20   0 1206488 786172    884 R  68,7 38,4   1:17.63 403500 1,135g bash
13306 mgvvst    20   0 1244572 785452    884 R 100,0 38,4   1:19.39 442236 1,171g bash
13306 mgvvst    20   0 1280052 791668    884 R  79,8 38,7   1:20.80 471396 1,205g bash
13306 mgvvst    20   0 1317560 791664    884 R  93,5 38,7   1:22.60 508888 1,240g bash
13306 mgvvst    20   0 1345680 788740    884 R  56,2 38,5   1:24.18 540060 1,267g bash
13306 mgvvst    20   0 1379140 783760    884 R  81,4 38,3   1:25.85 578568 1,299g bash
13306 mgvvst    20   0 1413564 788860    884 R 100,0 38,5   1:27.96 607788 1,332g bash
13306 mgvvst    20   0 1447312 790532    884 R 100,0 38,6   1:30.04 639908 1,364g bash
13306 mgvvst    20   0 1487452 794184    884 R 100,0 38,8   1:31.99 676384 1,402g bash
13306 mgvvst    20   0 1522520 794900    884 R  90,0 38,8   1:33.90 710780 1,436g bash
13306 mgvvst    20   0 1555480 798576    884 R  90,7 39,0   1:35.71 740104 1,467g bash
