13306 mgvvst    20   0   45560  30732   2984 R  85,3  1,5   0:01.51      0  30732 bash
13307 mgvvst    20   0   42124  27492   3176 R  85,3  1,3   0:01.35      0  27492 bash
 2007 mgvvst    20   0 1769708 163760  26072 S  45,2  8,0  70:27.16 212404 376164 compiz
 1100 root      20   0  487004  93652   6420 S  40,1  4,6  23:33.36  72512 166164 Xorg
13346 mgvvst    20   0   30400   3136   2700 R  10,0  0,2   0:00.03      0   3136 top
13306 mgvvst    20   0   83432  68748   2984 R 100,0  3,4   0:03.68      0  68748 bash
13307 mgvvst    20   0   78668  64188   3176 R  96,8  3,1   0:03.43      0  64188 bash
 2007 mgvvst    20   0 1769708 163760  26072 S  51,3  8,0  70:28.02 212404 376164 compiz
 1100 root      20   0  487004  93652   6420 S  45,6  4,6  23:33.96  72512 166164 Xorg
 2336 mgvvst    20   0  676516  18008   9916 S  17,1  0,9   4:10.17  14676  32684 gnome-terminal
13307 mgvvst    20   0  118380 103784   3176 R  95,6  5,1   0:05.54      0 103784 bash
13306 mgvvst    20   0  120076 105172   2984 R  90,0  5,1   0:05.73      0 105172 bash
 2007 mgvvst    20   0 1769708 163760  26072 R  61,9  8,0  70:28.67 212404 376164 compiz
 1100 root      20   0  487004  93652   6420 R  45,0  4,6  23:34.50  72512 166164 Xorg
 1460 mgvvst    20   0  656184  14988   5624 S  11,2  0,7   0:19.45   4420  19408 hud-service
13306 mgvvst    20   0  156452 141604   2984 R  96,9  6,9   0:08.00      0 141604 bash
13307 mgvvst    20   0  162512 147872   3176 R  96,9  7,2   0:07.91      0 147872 bash
 1100 root      20   0  487004  93652   6420 S  17,1  4,6  23:35.35  72512 166164 Xorg
 2336 mgvvst    20   0  676516  18468  10044 S   5,7  0,9   4:10.61  14344  32812 gnome-terminal
13463 mgvvst    20   0   30400   3068   2636 R   5,7  0,1   0:00.03      0   3068 top
13306 mgvvst    20   0  193932 179092   2984 R 100,0  8,7   0:10.17      0 179092 bash
13307 mgvvst    20   0  205896 191432   3176 R  95,5  9,3   0:10.27      0 191432 bash
 2007 mgvvst    20   0 1769708 163760  26072 S  33,7  8,0  70:30.14 212404 376164 compiz
 1100 root      20   0  487004  93652   6420 R  22,5  4,6  23:35.91  72512 166164 Xorg
13499 mgvvst    20   0   30400   3136   2700 R  11,2  0,2   0:00.03      0   3136 top
13306 mgvvst    20   0  232192 217372   2984 R 100,0 10,6   0:12.32      0 217372 bash
13307 mgvvst    20   0  242228 227600   3176 R 100,0 11,1   0:12.36      0 227600 bash
 2007 mgvvst    20   0 1769708 163760  26072 S  35,4  8,0  70:30.82 212404 376164 compiz
 1100 root      20   0  487004  93652   6420 S  29,5  4,6  23:36.53  72512 166164 Xorg
 2336 mgvvst    20   0  676516  18660  10044 S  11,8  0,9   4:11.03  14152  32812 gnome-terminal
13306 mgvvst    20   0  269996 255124   2984 R 100,0 12,5   0:14.37      0 255124 bash
13307 mgvvst    20   0  278068 263504   3176 R 100,0 12,9   0:14.38      0 263504 bash
13568 mgvvst    20   0   30400   3072   2640 R  17,4  0,2   0:00.03      0   3072 top
 1361 mgvvst    20   0  184200      0      0 S   5,8  0,0   2:54.83    460    460 VBoxClient
13571 mgvvst    20   0   30244   3076   2640 S   5,8  0,2   0:00.01      0   3076 top
13306 mgvvst    20   0  308788 293932   2984 R  95,4 14,4   0:16.44      0 293932 bash
13307 mgvvst    20   0  317864 303368   3176 R  95,4 14,8   0:16.46      0 303368 bash
 1100 root      20   0  487004  93652   6420 S  22,4  4,6  23:37.29  72512 166164 Xorg
 2007 mgvvst    20   0 1769708 163760  26072 S  16,8  8,0  70:31.84 212404 376164 compiz
13605 mgvvst    20   0   30244   3072   2636 S  11,2  0,2   0:00.02      0   3072 top
13306 mgvvst    20   0  348412 333532   2984 R 100,0 16,3   0:18.61      0 333532 bash
13307 mgvvst    20   0  355732 341120   3176 R 100,0 16,7   0:18.54      0 341120 bash
 2007 mgvvst    20   0 1769708 163760  26072 S  61,0  8,0  70:32.34 212404 376164 compiz
 1100 root      20   0  487004  93652   6420 S  42,7  4,6  23:37.85  72512 166164 Xorg
13641 mgvvst    20   0   30396   3188   2752 R  12,2  0,2   0:00.02      0   3188 top
13307 mgvvst    20   0  393012 378344   3176 R  93,8 18,5   0:20.66      0 378344 bash
13306 mgvvst    20   0  387236 372340   2984 R  83,4 18,2   0:20.72      0 372340 bash
 2007 mgvvst    20   0 1769708 163760  26072 R  36,5  8,0  70:32.91 212404 376164 compiz
 1100 root      20   0  487004  93652   6420 R  20,8  4,6  23:38.37  72512 166164 Xorg
13677 mgvvst    20   0   30396   3200   2764 R  10,4  0,2   0:00.03      0   3200 top
13306 mgvvst    20   0  430548 415636   2984 R 100,0 20,3   0:23.16      0 415636 bash
13307 mgvvst    20   0  436692 422168   3176 R 100,0 20,6   0:23.13      0 422168 bash
13716 mgvvst    20   0   30376   3144   2640 R   9,7  0,2   0:00.04      0   3144 top
 2336 mgvvst    20   0  676516  18660  10044 S   7,3  0,9   4:11.85  14152  32812 gnome-terminal
 1100 root      20   0  487004  93652   6420 R   4,8  4,6  23:39.01  72512 166164 Xorg
13306 mgvvst    20   0  468000 453124   2984 R 100,0 22,1   0:25.21      0 453124 bash
13307 mgvvst    20   0  474568 459920   3176 R 100,0 22,5   0:25.20      0 459920 bash
 1889 root      20   0  305936     48      0 S   6,1  0,0   0:19.90    348    396 VBoxService
13309 mgvvst    20   0   17888   3292   3036 S   6,1  0,2   0:00.07      0   3292 bash
13752 mgvvst    20   0   30400   3072   2636 R   6,1  0,2   0:00.02      0   3072 top
13306 mgvvst    20   0  505592 490876   2984 R 100,0 24,0   0:27.39      0 490876 bash
13307 mgvvst    20   0  511132 496616   3176 R  99,9 24,3   0:27.41      0 496616 bash
 2007 mgvvst    20   0 1769708 163760  26072 R  78,9  8,0  70:35.26 212404 376164 compiz
 1100 root      20   0  487004  93652   6420 R  52,6  4,6  23:40.14  72512 166164 Xorg
 2336 mgvvst    20   0  676516  18660  10044 S  10,5  0,9   4:12.09  14152  32812 gnome-terminal
13307 mgvvst    20   0  548588 534104   3176 R  95,4 26,1   0:29.48      0 534104 bash
13306 mgvvst    20   0  541296 526516   2984 R  90,1 25,7   0:29.40      0 526516 bash
 2007 mgvvst    20   0 1769708 163760  26072 S  47,7  8,0  70:35.79 212404 376164 compiz
 1100 root      20   0  487004  93652   6420 S  37,1  4,6  23:40.76  72512 166164 Xorg
13824 mgvvst    20   0   30244   3188   2756 S  10,6  0,2   0:00.02      0   3188 top
13307 mgvvst    20   0  585572 571064   3176 R 100,0 27,9   0:31.58      0 571064 bash
13306 mgvvst    20   0  579120 564268   2984 R 100,0 27,6   0:31.46      0 564268 bash
 2007 mgvvst    20   0 1769708 163760  26072 S  29,1  8,0  70:36.46 212404 376164 compiz
13860 mgvvst    20   0   30400   3076   2640 R  29,1  0,2   0:00.06      0   3076 top
11215 mgvvst    20   0 1275520  24468  15880 S  23,3  1,2   0:37.98   5604  30072 nautilus
13306 mgvvst    20   0  617088 602284   2984 R 100,0 29,4   0:33.58      0 602284 bash
13307 mgvvst    20   0  622888 608288   3176 R 100,0 29,7   0:33.72      0 608288 bash
 2007 mgvvst    20   0 1769708 163760  26072 S  40,9  8,0  70:37.31 212404 376164 compiz
 1100 root      20   0  487004  93652   6420 S  35,1  4,6  23:41.74  72512 166164 Xorg
13899 mgvvst    20   0   30400   3132   2696 R  17,5  0,2   0:00.04      0   3132 top
13306 mgvvst    20   0  652100 637396   2984 R 100,0 31,1   0:35.73      0 637396 bash
13307 mgvvst    20   0  657592 642872   3176 R  96,3 31,4   0:35.78      0 642872 bash
 2007 mgvvst    20   0 1769708 163760  26072 S  48,2  8,0  70:38.19 212404 376164 compiz
 1100 root      20   0  487004  93652   6420 S  18,1  4,6  23:42.64  72512 166164 Xorg
    7 root      20   0       0      0      0 S   6,0  0,0   1:20.01      0      0 rcu_sched
13306 mgvvst    20   0  688568 673828   2984 R 100,0 32,9   0:37.84      0 673828 bash
13307 mgvvst    20   0  693092 678512   3176 R 100,0 33,1   0:37.86      0 678512 bash
 2007 mgvvst    20   0 1769708 163760  26072 S  78,1  8,0  70:39.15 212404 376164 compiz
 1100 root      20   0  487004  93652   6420 S  42,1  4,6  23:43.49  72512 166164 Xorg
    7 root      20   0       0      0      0 S   6,0  0,0   1:20.04      0      0 rcu_sched
13306 mgvvst    20   0  726816 712108   2984 R  96,6 34,8   0:39.96      0 712108 bash
13307 mgvvst    20   0  731620 717056   3176 R  96,6 35,0   0:40.02      0 717056 bash
 2007 mgvvst    20   0 1769708 163760  26072 S  85,8  8,0  70:40.11 212404 376164 compiz
 1100 root      20   0  487004  93652   6420 S  26,8  4,6  23:44.00  72512 166164 Xorg
    7 root      20   0       0      0      0 S   5,4  0,0   1:20.07      0      0 rcu_sched
13306 mgvvst    20   0  773440 758012   2424 R  95,9 37,0   0:42.54      0 758012 bash
13307 mgvvst    20   0  778080 762900   2556 R  95,9 37,3   0:42.49      0 762900 bash
 2007 mgvvst    20   0 1769708 144044   6356 S  45,4  7,0  70:40.70 212404 356448 compiz
 1100 root      20   0  487004  91480   4248 S  15,1  4,5  23:44.35  72512 163992 Xorg
   43 root      20   0       0      0      0 S  10,1  0,0  16:20.56      0      0 kswapd0
13307 mgvvst    20   0  814352 796756    908 R  70,0 38,9   0:45.29    640 797396 bash
 2007 mgvvst    20   0 1769708  71216   6656 R  65,4  3,5  70:41.42 285532 356748 compiz
13306 mgvvst    20   0  810300 792772    884 R  65,4 38,7   0:45.32    636 793408 bash
 1100 root      20   0  487004  87160   3544 S  37,4  4,3  23:44.94  76128 163288 Xorg
   41 root      20   0       0      0      0 S  28,0  0,0   0:40.48      0      0 kworker/0:1
   43 root      20   0       0      0      0 R  80,7  0,0  16:23.59      0      0 kswapd0
13307 mgvvst    20   0  841840 808384    908 R  80,7 39,5   0:47.48  16468 824852 bash
13306 mgvvst    20   0  827792 794104    884 R  64,6 38,8   0:47.27  16728 810832 bash
 2007 mgvvst    20   0 1769708  73992   8696 S  59,2  3,6  70:42.09 284796 358788 compiz
  276 root       0 -20       0      0      0 S  21,5  0,0   0:10.84      0      0 kworker/1:1H
13307 mgvvst    20   0  860628 807624    908 R 100,0 39,4   0:49.46  36236 843860 bash
   43 root      20   0       0      0      0 R 100,0  0,0  16:25.56      0      0 kswapd0
13306 mgvvst    20   0  844400 787888    884 R  85,8 38,5   0:49.01  39576 827464 bash
  276 root       0 -20       0      0      0 S  17,2  0,0   0:10.88      0      0 kworker/1:1H
14153 mgvvst    20   0   30400   3016   2584 R   5,7  0,1   0:00.02      0   3016 top
13306 mgvvst    20   0  866868 782720    884 R  91,9 38,2   0:50.82  67184 849904 bash
13307 mgvvst    20   0  882332 802584    908 R  91,9 39,2   0:51.15  62924 865508 bash
 1100 root      20   0  487004  83952   4316 S  34,5  4,1  23:46.71  80108 164060 Xorg
 1457 mgvvst    20   0  824256   3496   2500 S  34,5  0,2   0:14.91   5856   9352 unity-settings-
 2007 mgvvst    20   0 1769708  86468  13196 R  34,5  4,2  70:44.48 276820 363288 compiz
   43 root      20   0       0      0      0 R  83,0  0,0  16:28.49      0      0 kswapd0
13306 mgvvst    20   0  886092 786868    884 R  67,4 38,4   0:52.64  82308 869176 bash
 2007 mgvvst    20   0 1769708  87488  13280 S  57,0  4,3  70:45.45 275884 363372 compiz
13307 mgvvst    20   0  901716 805792    908 R  51,8 39,3   0:52.97  78988 884780 bash
 1100 root      20   0  487004  83860   4224 R  25,9  4,1  23:47.34  80108 163968 Xorg
13306 mgvvst    20   0  903528 790784    884 R 100,0 38,6   0:54.48  95816 886600 bash
13307 mgvvst    20   0  922540 813136    908 R 100,0 39,7   0:54.94  92500 905636 bash
   43 root      20   0       0      0      0 R  94,7  0,0  16:30.44      0      0 kswapd0
14259 mgvvst    20   0   30400   2988   2556 R  11,8  0,1   0:00.03      0   2988 top
    7 root      20   0       0      0      0 S   5,9  0,0   1:20.48      0      0 rcu_sched
   43 root      20   0       0      0      0 R  37,8  0,0  16:32.74      0      0 kswapd0
 1100 root      20   0  487004  83856   4220 R  30,3  4,1  23:48.06  80108 163964 Xorg
13306 mgvvst    20   0  920472 788824    884 R  30,3 38,5   0:56.67 114672 903496 bash
13307 mgvvst    20   0  939720 804400    908 R  30,3 39,3   0:57.20 118396 922796 bash
 2007 mgvvst    20   0 1769708  86932  12724 R  25,2  4,2  70:46.47 275884 362816 compiz
13307 mgvvst    20   0  956588 802508    908 R 100,0 39,2   0:59.03 137184 939692 bash
13306 mgvvst    20   0  938280 789948    884 R 100,0 38,6   0:58.48 131500 921448 bash
   43 root      20   0       0      0      0 R  92,7  0,0  16:34.82      0      0 kswapd0
 2007 mgvvst    20   0 1769708  86928  12724 R  16,4  4,2  70:47.16 275888 362816 compiz
 1100 root      20   0  487004  83832   4196 S  10,9  4,1  23:48.77  80108 163940 Xorg
13307 mgvvst    20   0  975512 791524    908 R  56,5 38,7   1:01.06 167176 958700 bash
13306 mgvvst    20   0  955160 778652    884 R  45,9 38,0   1:00.30 159692 938344 bash
   43 root      20   0       0      0      0 S  42,4  0,0  16:37.02      0      0 kswapd0
 1100 root      20   0  487004  83844   4084 R  42,4  4,1  23:49.54  79984 163828 Xorg
 2007 mgvvst    20   0 1769708  86084  11892 S  42,4  4,2  70:48.11 275900 361984 compiz
   43 root      20   0       0      0      0 R  93,0  0,0  16:38.40      0      0 kswapd0
13307 mgvvst    20   0  997796 798688    908 R  93,0 39,0   1:03.02 182188 980876 bash
13306 mgvvst    20   0  979452 792116    884 R  87,2 38,7   1:02.27 170516 962632 bash
    7 root      20   0       0      0      0 S   5,8  0,0   1:20.74      0      0 rcu_sched
14407 mgvvst    20   0   30400   3016   2584 R   5,8  0,1   0:00.03      0   3016 top
13307 mgvvst    20   0 1016800 795404    908 R 100,0 38,8   1:04.90 204480 999884 bash
13306 mgvvst    20   0 1000000 790524    884 R  86,8 38,6   1:04.05 192700 983224 bash
   43 root      20   0       0      0      0 R  68,2  0,0  16:40.32      0      0 kswapd0
 2007 mgvvst    20   0 1769708  91388  11260 S  68,2  4,5  70:49.97 269964 361352 compiz
   23 root      20   0       0      0      0 S   6,2  0,0   1:04.24      0      0 ksoftirqd/3
13307 mgvvst    20   0 1044612 793904    908 R 100,0 38,8   1:06.91 233964 0,980g bash
13306 mgvvst    20   0 1027940 786172    884 R  97,8 38,4   1:06.22 224772 987,2m bash
14479 mgvvst    20   0   30400   3112   2680 R   7,0  0,2   0:00.02      0   3112 top
 1100 root      20   0  487004  83540   3780 R   3,5  4,1  23:51.05  79984 163524 Xorg
 2336 mgvvst    20   0  676516  11384   4340 S   3,5  0,6   4:13.17  15724  27108 gnome-terminal
   43 root      20   0       0      0      0 R  91,1  0,0  16:43.84      0      0 kswapd0
13306 mgvvst    20   0 1044464 787808    884 R  91,1 38,5   1:08.00 239768 0,980g bash
13307 mgvvst    20   0 1063532 798196    908 R  91,1 39,0   1:08.80 248416 0,998g bash
14512 mgvvst    20   0   30400   3100   2664 R  10,7  0,2   0:00.03      0   3100 top
    7 root      20   0       0      0      0 S   5,4  0,0   1:20.92      0      0 rcu_sched
   43 root      20   0       0      0      0 R 100,0  0,0  16:45.84      0      0 kswapd0
13307 mgvvst    20   0 1082280 800588    908 R  92,3 39,1   1:10.77 264768 1,016g bash
13306 mgvvst    20   0 1062904 789384    884 R  80,8 38,5   1:09.85 256672 0,998g bash
14548 mgvvst    20   0   30400   3092   2656 R  11,5  0,2   0:00.04      0   3092 top
14551 mgvvst    20   0   30244   3048   2616 S  11,5  0,1   0:00.02      0   3048 top
13307 mgvvst    20   0 1112996 793392    908 R  76,6 38,7   1:12.98 302852 1,045g bash
 1100 root      20   0  487004  82892   3616 R  54,7  4,0  23:51.87  80468 163360 Xorg
13306 mgvvst    20   0 1087392 776792    884 R  43,8 37,9   1:11.85 293816 1,021g bash
   43 root      20   0       0      0      0 R  38,3  0,0  16:47.83      0      0 kswapd0
 4832 mgvvst    20   0  738480  19100   7596 R  32,8  0,9   3:16.07   6132  25232 gedit
   43 root      20   0       0      0      0 R 100,0  0,0  16:50.15      0      0 kswapd0
13307 mgvvst    20   0 1159628 803968    908 R 100,0 39,3   1:15.32 338756 1,090g bash
13306 mgvvst    20   0 1135332 787084    884 R 100,0 38,4   1:14.24 331308 1,067g bash
 1100 root      20   0  487004  82872   3596 R 125,7  4,0  23:52.62  80468 163340 Xorg
14628 mgvvst    20   0   30400   3088   2656 R  65,8  0,2   0:00.11      0   3088 top
   43 root      20   0       0      0      0 R  93,4  0,0  16:51.75      0      0 kswapd0
13306 mgvvst    20   0 1178432 789656    884 R  93,4 38,6   1:16.10 371768 1,108g bash
13307 mgvvst    20   0 1199600 804392    908 R  93,4 39,3   1:17.09 378444 1,128g bash
 9482 mgvvst    20   0   30380   1600   1136 S  18,7  0,1   0:17.48    108   1708 top
    7 root      20   0       0      0      0 S   6,2  0,0   1:21.19      0      0 rcu_sched
13307 mgvvst    20   0 1235908 806172    908 R  78,1 39,4   1:18.80 412832 1,163g bash
   43 root      20   0       0      0      0 D  72,6  0,0  16:53.58      0      0 kswapd0
13306 mgvvst    20   0 1210984 787784    884 R  50,2 38,5   1:17.78 406376 1,139g bash
 1100 root      20   0  487004  82740   3464 S  44,7  4,0  23:53.42  80468 163208 Xorg
 2007 mgvvst    20   0 1769708  93288   7776 R  39,1  4,6  70:53.93 264580 357868 compiz
   23 root      20   0       0      0      0 R 100,0  0,0   1:05.52      0      0 ksoftirqd/3
13307 mgvvst    20   0 1267692 798100    908 R  95,4 39,0   1:20.58 452848 1,193g bash
13306 mgvvst    20   0 1248708 785928    884 R  76,4 38,4   1:19.52 445984 1,175g bash
   43 root      20   0       0      0      0 R  70,0  0,0  16:55.46      0      0 kswapd0
 1100 root      20   0  487004  82656   3380 S  12,7  4,0  23:53.97  80468 163124 Xorg
   43 root      20   0       0      0      0 R  99,0  0,0  16:56.77      0      0 kswapd0
13306 mgvvst    20   0 1284088 792204    884 R  92,8 38,7   1:20.96 475084 1,209g bash
13307 mgvvst    20   0 1297096 799540    908 R  86,7 39,0   1:21.79 480712 1,221g bash
 2007 mgvvst    20   0 1769708  92648   7084 S  12,4  4,5  70:54.78 264528 357176 compiz
    7 root      20   0       0      0      0 S   6,2  0,0   1:21.33      0      0 rcu_sched
13307 mgvvst    20   0 1327936 794836    908 R  76,5 38,8   1:23.57 516304 1,250g bash
   43 root      20   0       0      0      0 D  70,1  0,0  16:58.46      0      0 kswapd0
13306 mgvvst    20   0 1320920 792752    884 D  63,7 38,7   1:22.71 511232 1,244g bash
   23 root      20   0       0      0      0 R  31,9  0,0   1:07.82      0      0 ksoftirqd/3
 1100 root      20   0  487004  82640   3364 R  12,7  4,0  23:54.96  80468 163108 Xorg
13306 mgvvst    20   0 1350616 789200    884 R  96,1 38,5   1:24.41 544616 1,272g bash
   43 root      20   0       0      0      0 R  90,7  0,0  17:00.24      0      0 kswapd0
13307 mgvvst    20   0 1362516 793964    908 R  80,0 38,8   1:25.30 551760 1,283g bash
 2007 mgvvst    20   0 1769708  97256  11700 D  42,7  4,7  70:55.86 264536 361792 compiz
 1100 root      20   0  487004  82640   3364 S  32,0  4,0  23:55.43  80468 163108 Xorg
13307 mgvvst    20   0 1395112 790844    908 R  82,7 38,6   1:26.87 587352 1,314g bash
   43 root      20   0       0      0      0 R  76,3  0,0  17:02.09      0      0 kswapd0
 2007 mgvvst    20   0 1769708  98932  12612 R  76,3  4,8  70:56.94 263772 362704 compiz
13306 mgvvst    20   0 1381824 783724    884 D  57,2 38,3   1:25.97 581244 1,302g bash
 1100 root      20   0  487004  83836   4408 S  38,1  4,1  23:56.06  80316 164152 Xorg
   43 root      20   0       0      0      0 R 100,0  0,0  17:04.26      0      0 kswapd0
13306 mgvvst    20   0 1415508 786404    884 R  83,1 38,4   1:28.10 612092 1,334g bash
13307 mgvvst    20   0 1422184 786264    908 R  57,5 38,4   1:28.88 619124 1,340g bash
 2007 mgvvst    20   0 1769708  98928  12608 R  32,0  4,8  70:57.38 263772 362700 compiz
 1100 root      20   0  487004  83784   4408 R  25,6  4,1  23:56.34  80368 164152 Xorg
   23 root      20   0       0      0      0 R 100,0  0,0   1:09.67      0      0 ksoftirqd/3
   43 root      20   0       0      0      0 R 100,0  0,0  17:06.45      0      0 kswapd0
13306 mgvvst    20   0 1450640 784844    884 R 100,0 38,3   1:30.24 649028 1,367g bash
13307 mgvvst    20   0 1455996 784140    908 R  75,1 38,3   1:30.95 655040 1,373g bash
 2007 mgvvst    20   0 1769708  98028  11708 S  37,5  4,8  70:57.73 263772 361800 compiz
13307 mgvvst    20   0 1489656 787936    908 R 100,0 38,5   1:32.98 684772 1,404g bash
   43 root      20   0       0      0      0 R 100,0  0,0  17:08.53      0      0 kswapd0
13306 mgvvst    20   0 1489344 792820    884 R 100,0 38,7   1:32.32 679596 1,404g bash
 2007 mgvvst    20   0 1769708  97804  11484 S  45,7  4,8  70:58.24 263772 361576 compiz
14990 mgvvst    20   0   30400   3112   2680 R  25,4  0,2   0:00.08      0   3112 top
   43 root      20   0       0      0      0 R  96,0  0,0  17:10.43      0      0 kswapd0
13306 mgvvst    20   0 1526116 796288    884 R  80,9 38,9   1:34.11 712824 1,439g bash
13307 mgvvst    20   0 1522580 787744    908 R  65,7 38,5   1:34.71 717964 1,436g bash
 1100 root      20   0  487004  83248   3940 R  50,5  4,1  23:57.17  80436 163684 Xorg
 2336 mgvvst    20   0  676516  12384   4892 S  15,2  0,6   4:13.59  15276  27660 gnome-terminal
   43 root      20   0       0      0      0 R  86,4  0,0  17:12.34      0      0 kswapd0
13306 mgvvst    20   0 1558880 800712    884 R  86,4 39,1   1:35.89 741400 1,471g bash
13307 mgvvst    20   0 1552016 788428    908 R  74,9 38,5   1:36.43 746848 1,464g bash
 2007 mgvvst    20   0 1769708  92336   5920 S  46,1  4,5  70:59.32 263676 356012 compiz
 1100 root      20   0  487004  83168   3904 S  40,3  4,1  23:57.88  80480 163648 Xorg
