 8323 mgvvst    20   0   48444  33608   2952 R 100,0  1,6   0:01.05      0  33608 bash
 1100 root      20   0  485240 134476  21660 R  12,1  6,6  12:00.94  44096 178572 Xorg
 2007 mgvvst    20   0 1737356 200844  24812 S  12,1  9,8  26:00.63 141708 342552 compiz
   23 root      20   0       0      0      0 S   6,1  0,0   0:32.08      0      0 ksoftirqd/3
 4832 mgvvst    20   0  738480  27724  17312 S   6,1  1,4   1:45.43   7132  34856 gedit
 8323 mgvvst    20   0  106808  91944   2952 R  97,6  4,5   0:03.03      0  91944 bash
 8363 mgvvst    20   0   30400   3156   2720 R  12,2  0,2   0:00.02      0   3156 top
 1100 root      20   0  485240 134476  21660 R   6,1  6,6  12:01.35  44096 178572 Xorg
 1361 mgvvst    20   0  184200      0      0 S   6,1  0,0   1:30.43    460    460 VBoxClient
 2007 mgvvst    20   0 1737356 200844  24812 S   6,1  9,8  26:01.46 141708 342552 compiz
 2007 mgvvst    20   0 1737356 200844  24812 S 119,1  9,8  26:02.27 141708 342552 compiz
 8323 mgvvst    20   0  164528 149760   2952 R 100,0  7,3   0:05.06      0 149760 bash
 1100 root      20   0  485240 134476  21660 R  35,7  6,6  12:01.76  44096 178572 Xorg
 8382 mgvvst    20   0   30400   3116   2680 R   6,0  0,2   0:00.02      0   3116 top
    1 root      20   0   33936      0      0 S   0,0  0,0   0:02.68   1812   1812 init
 8323 mgvvst    20   0  226180 211272   2952 R  95,3 10,3   0:07.18      0 211272 bash
 8400 mgvvst    20   0   30400   3112   2680 R   6,0  0,2   0:00.02      0   3112 top
    1 root      20   0   33936      0      0 S   0,0  0,0   0:02.68   1812   1812 init
    2 root      20   0       0      0      0 S   0,0  0,0   0:00.06      0      0 kthreadd
    3 root      20   0       0      0      0 S   0,0  0,0   0:00.49      0      0 ksoftirqd/0
 8323 mgvvst    20   0  308864 294168   2952 R 100,0 14,4   0:09.27      0 294168 bash
 1100 root      20   0  485240 134476  21660 R   5,5  6,6  12:02.26  44096 178572 Xorg
 8277 mgvvst    20   0 1004276  58820  45560 S   5,5  2,9   0:08.11      0  58820 nautilus
 2007 mgvvst    20   0 1737356 200844  24812 S   2,8  9,8  26:03.41 141708 342552 compiz
 8418 mgvvst    20   0   30400   3116   2680 R   2,8  0,2   0:00.01      0   3116 top
 8323 mgvvst    20   0  415508 400560   2952 R  97,8 19,6   0:11.30      0 400560 bash
 2007 mgvvst    20   0 1737356 200844  24812 S  27,2  9,8  26:03.91 141708 342552 compiz
 1100 root      20   0  485240 134476  21660 S  10,9  6,6  12:02.49  44096 178572 Xorg
   41 root      20   0       0      0      0 S   5,4  0,0   0:18.89      0      0 kworker/0:1
 8436 mgvvst    20   0   30400   3116   2680 R   5,4  0,2   0:00.01      0   3116 top
 8323 mgvvst    20   0  513556 498768   2952 R 100,0 24,4   0:13.23      0 498768 bash
 1100 root      20   0  485240 134476  21660 S  71,8  6,6  12:02.75  44096 178572 Xorg
 2007 mgvvst    20   0 1737356 200844  24812 S  53,9  9,8  26:04.28 141708 342552 compiz
 2336 mgvvst    20   0  674228  19628  10860 S  29,9  1,0   2:40.60  12220  31848 gnome-terminal
    7 root      20   0       0      0      0 S   6,0  0,0   0:42.33      0      0 rcu_sched
 8323 mgvvst    20   0  612228 597504   2952 R  95,7 29,2   0:15.14      0 597504 bash
 2007 mgvvst    20   0 1737356 200844  24812 S  33,8  9,8  26:04.87 141708 342552 compiz
 1100 root      20   0  485240 134476  21660 S  16,9  6,6  12:03.08  44096 178572 Xorg
    7 root      20   0       0      0      0 S   5,6  0,0   0:42.35      0      0 rcu_sched
    1 root      20   0   33936      0      0 S   0,0  0,0   0:02.68   1812   1812 init
 8323 mgvvst    20   0  716840 702048   2952 R 100,0 34,3   0:17.11      0 702048 bash
 2007 mgvvst    20   0 1737356 200844  24812 S  57,3  9,8  26:05.24 141708 342552 compiz
 1100 root      20   0  485240 134476  21660 S  22,9  6,6  12:03.28  44096 178572 Xorg
 2336 mgvvst    20   0  674228  19628  10860 S   5,7  1,0   2:40.70  12220  31848 gnome-terminal
 8490 mgvvst    20   0   30400   3044   2612 R   5,7  0,1   0:00.01      0   3044 top
 8323 mgvvst    20   0  820260 805536   2952 R 100,0 39,3   0:19.05      0 805536 bash
 8508 mgvvst    20   0   30400   3180   2744 R   6,3  0,2   0:00.01      0   3180 top
    1 root      20   0   33936      0      0 S   0,0  0,0   0:02.68   1812   1812 init
    2 root      20   0       0      0      0 S   0,0  0,0   0:00.06      0      0 kthreadd
    3 root      20   0       0      0      0 S   0,0  0,0   0:00.49      0      0 ksoftirqd/0
 8323 mgvvst    20   0  932096 917208   2952 R 100,0 44,8   0:21.13      0 917208 bash
 8526 mgvvst    20   0   30400   3184   2752 R   6,2  0,2   0:00.01      0   3184 top
    1 root      20   0   33936      0      0 S   0,0  0,0   0:02.68   1812   1812 init
    2 root      20   0       0      0      0 S   0,0  0,0   0:00.06      0      0 kthreadd
    3 root      20   0       0      0      0 S   0,0  0,0   0:00.49      0      0 ksoftirqd/0
 8323 mgvvst    20   0 1031328 992,6m   2952 R  96,0 49,6   0:23.00      0 992,6m bash
 8544 mgvvst    20   0   30400   3152   2720 R   6,0  0,2   0:00.01      0   3152 top
    1 root      20   0   33936      0      0 S   0,0  0,0   0:02.68   1812   1812 init
    2 root      20   0       0      0      0 S   0,0  0,0   0:00.06      0      0 kthreadd
    3 root      20   0       0      0      0 S   0,0  0,0   0:00.49      0      0 ksoftirqd/0
 8323 mgvvst    20   0 1135608 1,069g   2952 R 100,0 54,7   0:24.93      0 1,069g bash
 2007 mgvvst    20   0 1737356 200844  24812 S  44,3  9,8  26:06.94 141708 342552 compiz
 1100 root      20   0  485240 134476  21660 S  12,7  6,6  12:03.98  44096 178572 Xorg
    7 root      20   0       0      0      0 S   6,3  0,0   0:42.43      0      0 rcu_sched
 8562 mgvvst    20   0   30400   3112   2680 R   6,3  0,2   0:00.01      0   3112 top
 8323 mgvvst    20   0 1244488 1,173g   2952 R  97,8 60,1   0:26.90      0 1,173g bash
 1100 root      20   0  485240 134476  21660 S  12,2  6,6  12:04.13  44096 178572 Xorg
 2007 mgvvst    20   0 1737356 200844  24812 S  12,2  9,8  26:07.29 141708 342552 compiz
 8277 mgvvst    20   0 1004276  58820  45560 R   6,1  2,9   0:08.49      0  58820 nautilus
    1 root      20   0   33936      0      0 S   0,0  0,0   0:02.68   1812   1812 init
 8323 mgvvst    20   0 1350492 1,274g   2952 R 100,0 65,2   0:28.94      0 1,274g bash
   43 root      20   0       0      0      0 S   5,9  0,0  11:12.12      0      0 kswapd0
 4832 mgvvst    20   0  738480  27724  17312 S   5,9  1,4   1:45.50   7132  34856 gedit
 8598 mgvvst    20   0   30400   3060   2624 R   5,9  0,1   0:00.01      0   3060 top
    1 root      20   0   33936      0      0 S   0,0  0,0   0:02.68   1812   1812 init
 8323 mgvvst    20   0 1457036 1,375g   2688 R  95,7 70,4   0:31.06      0 1,375g bash
 2007 mgvvst    20   0 1737356 181972   5928 S  31,9  8,9  26:08.22 141696 323668 compiz
   43 root      20   0       0      0      0 R  16,0  0,0  11:12.36      0      0 kswapd0
 1100 root      20   0  485240 131584  18824 S  16,0  6,4  12:04.72  44152 175736 Xorg
 8616 mgvvst    20   0   30400   3008   2572 R   5,3  0,1   0:00.01      0   3008 top
   43 root      20   0       0      0      0 R  93,6  0,0  11:13.25      0      0 kswapd0
 8323 mgvvst    20   0 1537148 1,441g    892 R  87,8 73,8   0:33.19   8900 1,450g bash
 2007 mgvvst    20   0 1737356 137124   6464 S  41,0  6,7  26:08.70 187080 324204 compiz
 1100 root      20   0  485240 115364  18576 S  17,6  5,6  12:04.99  60124 175488 Xorg
 8277 mgvvst    20   0 1004276  28376  22772 S  17,6  1,4   0:08.96   7656  36032 nautilus
 8323 mgvvst    20   0 1580376 1,432g    892 R 100,0 73,3   0:35.20  62092 1,491g bash
   43 root      20   0       0      0      0 S  29,7  0,0  11:14.76      0      0 kswapd0
 8652 mgvvst    20   0   30400   3112   2680 R   5,9  0,2   0:00.02      0   3112 top
 8277 mgvvst    20   0 1004276  28684  23048 S   3,0  1,4   0:09.03   7624  36308 nautilus
    1 root      20   0   33936      0      0 S   0,0  0,0   0:02.68   1816   1816 init
 8323 mgvvst    20   0 1626784 1,445g    892 R 100,0 74,0   0:37.12  95108 1,535g bash
   43 root      20   0       0      0      0 R  69,8  0,0  11:16.02      0      0 kswapd0
 2007 mgvvst    20   0 1737356 135364   4704 S  50,8  6,6  26:09.53 187080 322444 compiz
 1100 root      20   0  485240 115504  18464 S  19,0  5,6  12:05.50  59872 175376 Xorg
 8670 mgvvst    20   0   30400   3192   2760 R   6,3  0,2   0:00.01      0   3192 top
 8323 mgvvst    20   0 1679540 1,444g    892 R  98,7 73,9   0:39.16 148732 1,586g bash
   43 root      20   0       0      0      0 S  13,7  0,0  11:17.41      0      0 kswapd0
    1 root      20   0   33936      0      0 S   0,0  0,0   0:02.68   1816   1816 init
    2 root      20   0       0      0      0 S   0,0  0,0   0:00.06      0      0 kthreadd
    3 root      20   0       0      0      0 S   0,0  0,0   0:00.49      0      0 ksoftirqd/0
   43 root      20   0       0      0      0 R  92,4  0,0  11:19.14      0      0 kswapd0
 8323 mgvvst    20   0 1724676 1,444g    892 R  92,4 73,9   0:41.40 193788 1,629g bash
  276 root       0 -20       0      0      0 S   6,2  0,0   0:07.09      0      0 kworker/1:1H
    1 root      20   0   33936      0      0 S   0,0  0,0   0:02.68   1816   1816 init
    2 root      20   0       0      0      0 S   0,0  0,0   0:00.06      0      0 kthreadd
   43 root      20   0       0      0      0 R  97,1  0,0  11:20.54      0      0 kswapd0
 8323 mgvvst    20   0 1761468 1,439g    892 R  91,1 73,7   0:43.25 235472 1,664g bash
    7 root      20   0       0      0      0 S   6,1  0,0   0:42.67      0      0 rcu_sched
    1 root      20   0   33936      0      0 S   0,0  0,0   0:02.68   1816   1816 init
    2 root      20   0       0      0      0 S   0,0  0,0   0:00.06      0      0 kthreadd
   43 root      20   0       0      0      0 R  96,1  0,0  11:21.99      0      0 kswapd0
 8323 mgvvst    20   0 1796420 1,434g    892 R  84,1 73,4   0:45.12 276296 1,697g bash
   78 root      20   0       0      0      0 S   6,0  0,0   0:01.57      0      0 kworker/1:1
  173 root       0 -20       0      0      0 S   6,0  0,0   0:06.18      0      0 kworker/3:1H
  276 root       0 -20       0      0      0 S   6,0  0,0   0:07.14      0      0 kworker/1:1H
   43 root      20   0       0      0      0 R  91,4  0,0  11:23.66      0      0 kswapd0
 8323 mgvvst    20   0 1829236 1,416g    892 R  91,4 72,5   0:46.97 328028 1,728g bash
 2007 mgvvst    20   0 1737356 133652   3060 R  18,3  6,5  26:11.68 187148 320800 compiz
 1100 root      20   0  485240 115036  17996 S   6,1  5,6  12:06.69  59872 174908 Xorg
 7212 mgvvst    20   0   30380    456      0 S   6,1  0,0   0:02.05    112    568 top
 8323 mgvvst    20   0 1870916 1,414g    892 R  99,6 72,4   0:48.85 370856 1,768g bash
   43 root      20   0       0      0      0 S  46,9  0,0  11:25.06      0      0 kswapd0
 2007 mgvvst    20   0 1737356 133600   3008 S  35,2  6,5  26:11.99 187148 320748 compiz
 1100 root      20   0  485240 115036  17996 S  17,6  5,6  12:06.89  59872 174908 Xorg
 8778 mgvvst    20   0   30400   3116   2680 R   5,9  0,2   0:00.01      0   3116 top
 8323 mgvvst    20   0 1912320 1,420g    892 R  94,1 72,7   0:50.67 406184 1,808g bash
 2007 mgvvst    20   0 1737356 133600   3008 S  62,7  6,5  26:12.47 187148 320748 compiz
   43 root      20   0       0      0      0 R  37,6  0,0  11:26.36      0      0 kswapd0
 1100 root      20   0  485240 115036  17996 S  18,8  5,6  12:07.16  59872 174908 Xorg
 1460 mgvvst    20   0  656184   7932   2248 S  12,5  0,4   0:08.22   8080  16012 hud-service
   43 root      20   0       0      0      0 R  96,0  0,0  11:27.79      0      0 kswapd0
 8323 mgvvst    20   0 1952608 1,416g    892 R  96,0 72,5   0:52.54 450704 1,846g bash
  276 root       0 -20       0      0      0 S   6,4  0,0   0:07.20      0      0 kworker/1:1H
 8814 mgvvst    20   0   30400   3140   2708 R   6,4  0,2   0:00.01      0   3140 top
    1 root      20   0   33936   1572    640 S   0,0  0,1   0:02.74    808   2380 init
 8323 mgvvst    20   0 1993220 1,419g    892 R 100,0 72,6   0:54.42 488760 1,885g bash
   43 root      20   0       0      0      0 R 100,0  0,0  11:29.15      0      0 kswapd0
 2007 mgvvst    20   0 1737356 133600   3008 S  25,6  6,5  26:13.32 187148 320748 compiz
 1100 root      20   0  485240 115036  17996 S  12,8  5,6  12:07.66  59872 174908 Xorg
   23 root      20   0       0      0      0 S   6,4  0,0   0:32.26      0      0 ksoftirqd/3
 8323 mgvvst    20   0 2035072 1,417g    892 R  94,4 72,5   0:56.28 532420 1,925g bash
   43 root      20   0       0      0      0 S  38,9  0,0  11:30.54      0      0 kswapd0
 8851 mgvvst    20   0   30400   3116   2684 R   5,6  0,2   0:00.01      0   3116 top
    1 root      20   0   33936   1572    640 S   0,0  0,1   0:02.74    808   2380 init
    2 root      20   0       0      0      0 S   0,0  0,0   0:00.06      0      0 kthreadd
 8323 mgvvst    20   0 2074948 1,415g    892 R  96,4 72,4   0:58.18 574660 1,963g bash
   43 root      20   0       0      0      0 R  90,0  0,0  11:31.96      0      0 kswapd0
    7 root      20   0       0      0      0 S   6,4  0,0   0:42.90      0      0 rcu_sched
    1 root      20   0   33936   1572    640 S   0,0  0,1   0:02.74    808   2380 init
    2 root      20   0       0      0      0 S   0,0  0,0   0:00.06      0      0 kthreadd
   43 root      20   0       0      0      0 R  89,7  0,0  11:33.44      0      0 kswapd0
 8323 mgvvst    20   0 2111936 1,413g    892 R  89,7 72,3   1:00.04 613804 1,998g bash
 2007 mgvvst    20   0 1737356 133420   2964 S  35,9  6,5  26:14.52 187284 320704 compiz
 1100 root      20   0  485240 115032  17996 R  23,9  5,6  12:08.39  59876 174908 Xorg
 8887 mgvvst    20   0   30400   3220   2788 R   6,0  0,2   0:00.02      0   3220 top
 8323 mgvvst    20   0 2170260 1,425g    892 R  94,6 73,0   1:02.11 659136 2,054g bash
   43 root      20   0       0      0      0 S  55,7  0,0  11:34.78      0      0 kswapd0
 2007 mgvvst    20   0 1737356 133456   2988 S  39,0  6,5  26:14.92 187272 320728 compiz
 1100 root      20   0  485240 115032  17996 S  16,7  5,6  12:08.62  59876 174908 Xorg
 1361 mgvvst    20   0  184200      0      0 S   5,6  0,0   1:30.80    460    460 VBoxClient
   43 root      20   0       0      0      0 R 100,0  0,0  11:36.21      0      0 kswapd0
 8323 mgvvst    20   0 2208752 1,423g    892 R 100,0 72,9   1:04.00 699768 2,090g bash
 8923 mgvvst    20   0   30400   3064   2632 R   6,4  0,1   0:00.01      0   3064 top
    1 root      20   0   33936   1556    624 S   0,0  0,1   0:02.74    808   2364 init
    2 root      20   0       0      0      0 S   0,0  0,0   0:00.06      0      0 kthreadd
 8323 mgvvst    20   0 2249148 1,427g    892 R 100,0 73,1   1:05.86 735508 2,129g bash
   43 root      20   0       0      0      0 R  94,6  0,0  11:37.55      0      0 kswapd0
   41 root      20   0       0      0      0 S   6,3  0,0   0:19.03      0      0 kworker/0:1
  216 root       0 -20       0      0      0 S   6,3  0,0   0:08.78      0      0 kworker/0:1H
  276 root       0 -20       0      0      0 S   6,3  0,0   0:07.29      0      0 kworker/1:1H
 8323 mgvvst    20   0 2283760 1,419g    892 R  90,4 72,6   1:07.77 779268 2,162g bash
   43 root      20   0       0      0      0 S  61,9  0,0  11:39.12      0      0 kswapd0
 1100 root      20   0  485240 114916  17976 S   4,8  5,6  12:09.23  59972 174888 Xorg
 8959 mgvvst    20   0   30400   3192   2760 R   4,8  0,2   0:00.01      0   3192 top
    1 root      20   0   33936   1420    488 S   0,0  0,1   0:02.74    808   2228 init
 8323 mgvvst    20   0 2334168 1,424g    892 R  93,7 72,9   1:09.67 823576 2,210g bash
   43 root      20   0       0      0      0 S  11,7  0,0  11:40.40      0      0 kswapd0
 8977 mgvvst    20   0   30400   3128   2692 R   5,9  0,2   0:00.01      0   3128 top
    1 root      20   0   33936   1368    436 S   0,0  0,1   0:02.74    808   2176 init
    2 root      20   0       0      0      0 S   0,0  0,0   0:00.06      0      0 kthreadd
   43 root      20   0       0      0      0 R  93,6  0,0  11:41.72      0      0 kswapd0
 8323 mgvvst    20   0 2377368 1,423g    892 R  93,6 72,8   1:11.54 868840 2,251g bash
 2007 mgvvst    20   0 1737356 133336   2968 S  37,4  6,5  26:16.92 187372 320708 compiz
 1100 root      20   0  485240 114780  17968 S  18,7  5,6  12:09.74  60100 174880 Xorg
 8995 mgvvst    20   0   30400   3052   2620 R   6,2  0,1   0:00.01      0   3052 top
   43 root      20   0       0      0      0 R  94,7  0,0  11:43.12      0      0 kswapd0
 8323 mgvvst    20   0 2416512 1,425g    892 R  94,7 73,0   1:13.40 904960 2,288g bash
 2007 mgvvst    20   0 1737356 133336   2968 R  63,1  6,5  26:17.28 187372 320708 compiz
 1100 root      20   0  485240 114628  17968 S  31,6  5,6  12:09.92  60252 174880 Xorg
 1361 mgvvst    20   0  184200      0      0 S   6,3  0,0   1:30.88    460    460 VBoxClient
 8323 mgvvst    20   0 2451660 1,422g    892 R  94,4 72,8   1:15.24 943572 2,322g bash
   43 root      20   0       0      0      0 R  31,5  0,0  11:44.59      0      0 kswapd0
 9031 mgvvst    20   0   30400   3140   2704 R   6,3  0,2   0:00.01      0   3140 top
    1 root      20   0   33936   1368    436 S   0,0  0,1   0:02.74    808   2176 init
    2 root      20   0       0      0      0 S   0,0  0,0   0:00.06      0      0 kthreadd
 8323 mgvvst    20   0 2498612 1,431g    892 R  94,2 73,3   1:17.15 981572 2,367g bash
   43 root      20   0       0      0      0 R  50,2  0,0  11:45.92      0      0 kswapd0
  216 root       0 -20       0      0      0 S   6,3  0,0   0:08.86      0      0 kworker/0:1H
 1361 mgvvst    20   0  184200      0      0 S   6,3  0,0   1:30.90    460    460 VBoxClient
 9049 mgvvst    20   0   30400   3196   2760 R   6,3  0,2   0:00.01      0   3196 top
   43 root      20   0       0      0      0 R  91,0  0,0  11:47.44      0      0 kswapd0
 8323 mgvvst    20   0 2531424 1,425g    892 D  91,0 72,9   1:18.99 996,7m 2,398g bash
    7 root      20   0       0      0      0 S   6,1  0,0   0:43.24      0      0 rcu_sched
  173 root       0 -20       0      0      0 S   6,1  0,0   0:06.35      0      0 kworker/3:1H
  216 root       0 -20       0      0      0 S   6,1  0,0   0:08.88      0      0 kworker/0:1H
   43 root      20   0       0      0      0 R 100,0  0,0  11:49.02      0      0 kswapd0
 8323 mgvvst    20   0 2561432 1,416g    892 R  93,9 72,5   1:20.84 1,011g 2,427g bash
 2007 mgvvst    20   0 1737356 136284   5448 R  31,3  6,7  26:19.05 186904 323188 compiz
    7 root      20   0       0      0      0 S   6,3  0,0   0:43.28      0      0 rcu_sched
 9085 mgvvst    20   0   30400   3116   2684 R   6,3  0,2   0:00.01      0   3116 top
 8323 mgvvst    20   0 2594432 1,407g    892 R  94,4 72,1   1:22.63 1,051g 2,458g bash
   43 root      20   0       0      0      0 S  75,6  0,0  11:50.47      0      0 kswapd0
 2007 mgvvst    20   0 1737356 142720  10532 S  31,5  7,0  26:19.93 185552 328272 compiz
 1100 root      20   0  485240 115584  18756 S  12,6  5,6  12:11.54  60084 175668 Xorg
   16 root      rt   0       0      0      0 S   6,3  0,0   0:00.43      0      0 watchdog/2
   43 root      20   0       0      0      0 R  93,6  0,0  11:51.88      0      0 kswapd0
 8323 mgvvst    20   0 2639068 1,409g    892 R  93,6 72,1   1:24.56 1,092g 2,501g bash
  173 root       0 -20       0      0      0 S   6,2  0,0   0:06.38      0      0 kworker/3:1H
  730 root       0 -20       0      0      0 S   6,2  0,0   0:07.20      0      0 kworker/2:1H
 1361 mgvvst    20   0  184200      0      0 S   6,2  0,0   1:30.95    460    460 VBoxClient
   43 root      20   0       0      0      0 R  97,4  0,0  11:53.46      0      0 kswapd0
 8323 mgvvst    20   0 2680956 1,418g    892 R  91,3 72,6   1:26.46 1,122g 2,541g bash
    7 root      20   0       0      0      0 S   6,1  0,0   0:43.39      0      0 rcu_sched
 9139 mgvvst    20   0   30400   3112   2680 R   6,1  0,2   0:00.01      0   3112 top
    1 root      20   0   33936   1368    436 S   0,0  0,1   0:02.74    808   2176 init
 8323 mgvvst    20   0 2714588 1,412g    892 R 100,0 72,3   1:28.35 1,161g 2,573g bash
   43 root      20   0       0      0      0 S  17,3  0,0  11:55.16      0      0 kswapd0
 9157 mgvvst    20   0   30400   3060   2628 R   4,3  0,1   0:00.01      0   3060 top
    1 root      20   0   33936   1368    436 S   0,0  0,1   0:02.74    808   2176 init
    2 root      20   0       0      0      0 S   0,0  0,0   0:00.06      0      0 kthreadd
   43 root      20   0       0      0      0 R  99,8  0,0  11:56.68      0      0 kswapd0
 8323 mgvvst    20   0 2747820 1,407g    892 R  87,4 72,1   1:30.13 1,197g 2,604g bash
    7 root      20   0       0      0      0 S   6,2  0,0   0:43.46      0      0 rcu_sched
   41 root      20   0       0      0      0 S   6,2  0,0   0:19.10      0      0 kworker/0:1
  173 root       0 -20       0      0      0 S   6,2  0,0   0:06.44      0      0 kworker/3:1H
 8323 mgvvst    20   0 2778552 1,401g    892 R 100,0 71,7   1:31.96 1,233g 2,634g bash
   43 root      20   0       0      0      0 R  96,5  0,0  11:58.26      0      0 kswapd0
  216 root       0 -20       0      0      0 S   6,0  0,0   0:09.11      0      0 kworker/0:1H
  730 root       0 -20       0      0      0 S   6,0  0,0   0:07.30      0      0 kworker/2:1H
    1 root      20   0   33936   1368    436 S   0,0  0,1   0:02.74    808   2176 init
   43 root      20   0       0      0      0 R  88,2  0,0  11:59.75      0      0 kswapd0
 8323 mgvvst    20   0 2817860 1,405g    892 R  88,2 71,9   1:33.79 1,266g 2,671g bash
 2007 mgvvst    20   0 1737356 137840  10532 S  50,4  6,7  26:22.46 190432 328272 compiz
 1100 root      20   0  485240 114180  18756 R  44,1  5,6  12:13.13  61488 175668 Xorg
    7 root      20   0       0      0      0 S   6,3  0,0   0:43.53      0      0 rcu_sched
   43 root      20   0       0      0      0 R 100,0  0,0  12:01.18      0      0 kswapd0
 8323 mgvvst    20   0 2868752 1,418g    892 R  95,1 72,6   1:35.81 1,302g 2,720g bash
 2007 mgvvst    20   0 1737356 137656  10348 S  19,0  6,7  26:22.94 190432 328088 compiz
 1100 root      20   0  485240 113700  18276 S  12,7  5,6  12:13.40  61488 175188 Xorg
  276 root       0 -20       0      0      0 S   6,3  0,0   0:07.57      0      0 kworker/1:1H
 8323 mgvvst    20   0 2904320 1,413g    892 R  91,7 72,3   1:37.78 1,341g 2,754g bash
   43 root      20   0       0      0      0 R  85,6  0,0  12:02.86      0      0 kswapd0
 2007 mgvvst    20   0 1737356 136372   9148 S  36,7  6,7  26:23.43 190516 326888 compiz
 1100 root      20   0  485240 112472  18244 S  24,5  5,5  12:13.70  62684 175156 Xorg
    7 root      20   0       0      0      0 S   6,1  0,0   0:43.61      0      0 rcu_sched
 8323 mgvvst    20   0 2977980 1,463g    892 R  72,7 74,9   1:39.87 1,361g 2,824g bash
   23 root      20   0       0      0      0 S  25,4  0,0   0:32.78      0      0 ksoftirqd/3
 2007 mgvvst    20   0 1737356 125440   7680 S  21,8  6,1  26:23.87 199980 325420 compiz
   43 root      20   0       0      0      0 S  18,2  0,0  12:03.96      0      0 kswapd0
   41 root      20   0       0      0      0 S   7,3  0,0   0:19.14      0      0 kworker/0:1
 8323 mgvvst    20   0 3058532 1,527g    892 R  82,5 78,2   1:41.84 1,374g 2,901g bash
   43 root      20   0       0      0      0 R  36,1  0,0  12:04.79      0      0 kswapd0
   64 root      20   0       0      0      0 S   5,2  0,0   0:15.05      0      0 kworker/3:1
  730 root       0 -20       0      0      0 S   5,2  0,0   0:07.46      0      0 kworker/2:1H
 9285 mgvvst    20   0   30400   3196   2760 R   5,2  0,2   0:00.04      0   3196 top
   43 root      20   0       0      0      0 R  90,3  0,0  12:05.82      0      0 kswapd0
 8323 mgvvst    20   0 3146676 1,599g    496 R  80,2 81,9   1:44.06 1,385g 2,984g bash
 2007 mgvvst    20   0 1737356  71720    924 R  20,1  3,5  26:24.69 246944 318664 compiz
 1100 root      20   0  485240  52836    408 S  10,0  2,6  12:14.41 104484 157320 Xorg
 1361 mgvvst    20   0  184200      0      0 S   5,0  0,0   1:31.09    460    460 VBoxClient
