11315 mgvvst    20   0   41972  27348   3028 R  92,7  1,3   0:01.51      0  27348 bash
11316 mgvvst    20   0   43856  29268   3104 R  92,7  1,4   0:01.51      0  29268 bash
 2007 mgvvst    20   0 1769708 218452  22892 R  69,5 10,7  67:28.62 154532 372984 compiz
11215 mgvvst    20   0  972072  60332  46660 R  23,2  2,9   0:19.46      0  60332 nautilus
 1100 root      20   0  480648 118436  22796 R  11,6  5,8  21:50.61  57748 176184 Xorg
11316 mgvvst    20   0  132020 117440   3104 R 100,0  5,7   0:06.28      0 117440 bash
11315 mgvvst    20   0  128568 113932   3028 R 100,0  5,6   0:06.21      0 113932 bash
 2007 mgvvst    20   0 1769708 218452  22892 R   4,3 10,7  67:29.34 154532 372984 compiz
11215 mgvvst    20   0 1275164  60372  46660 R   4,3  2,9   0:19.61      0  60372 nautilus
 1100 root      20   0  480648 118436  22796 R   3,3  5,8  21:51.05  57748 176184 Xorg
11315 mgvvst    20   0  181460 166732   3028 R  97,4  8,1   0:08.99      0 166732 bash
11316 mgvvst    20   0  185180 170504   3104 R  97,4  8,3   0:09.11      0 170504 bash
 1100 root      20   0  480648 118436  22796 S  16,2  5,8  21:51.32  57748 176184 Xorg
11435 mgvvst    20   0   30400   3200   2764 R  16,2  0,2   0:00.04      0   3200 top
 2007 mgvvst    20   0 1769708 218452  22892 S   5,4 10,7  67:29.75 154532 372984 compiz
11315 mgvvst    20   0  250276 235636   3028 R  99,5 11,5   0:12.95      0 235636 bash
11316 mgvvst    20   0  255324 240728   3104 R  98,4 11,8   0:13.09      0 240728 bash
11471 mgvvst    20   0   30400   3188   2756 R   4,3  0,2   0:00.06      0   3188 top
11215 mgvvst    20   0 1275164  60372  46660 S   3,2  2,9   0:19.86      0  60372 nautilus
   41 root      20   0       0      0      0 R   1,1  0,0   0:37.14      0      0 kworker/0:1
11316 mgvvst    20   0  360240 345536   3104 R 100,0 16,9   0:18.87      0 345536 bash
11315 mgvvst    20   0  355028 340180   3028 R  96,3 16,6   0:18.67      0 340180 bash
   41 root      20   0       0      0      0 R   2,1  0,0   0:37.24      0      0 kworker/0:1
  174 root      20   0       0      0      0 R   2,1  0,0   0:02.04      0      0 jbd2/sda1-8
11215 mgvvst    20   0 1275164  60372  46660 S   2,1  2,9   0:19.96      0  60372 nautilus
11315 mgvvst    20   0  411452 396676   3028 R  96,0 19,4   0:21.67      0 396676 bash
11316 mgvvst    20   0  417880 403088   3104 R  96,0 19,7   0:21.90      0 403088 bash
11540 mgvvst    20   0   30400   3076   2640 R  10,7  0,2   0:00.04      0   3076 top
11543 mgvvst    20   0   30244   3108   2676 S  10,7  0,2   0:00.02      0   3108 top
    7 root      20   0       0      0      0 S   5,3  0,0   1:13.02      0      0 rcu_sched
11316 mgvvst    20   0  472204 457472   3104 R 100,0 22,3   0:24.85      0 457472 bash
11315 mgvvst    20   0  465168 450532   3028 R  95,5 22,0   0:24.55      0 450532 bash
 9482 mgvvst    20   0   30380    456      0 S   3,0  0,0   0:10.51    116    572 top
   41 root      20   0       0      0      0 R   2,0  0,0   0:37.28      0      0 kworker/0:1
   64 root      20   0       0      0      0 R   2,0  0,0   0:26.42      0      0 kworker/3:1
11316 mgvvst    20   0  509212 494432   3104 R 100,0 24,1   0:26.92      0 494432 bash
11315 mgvvst    20   0  502896 488284   3028 R  97,1 23,8   0:26.62      0 488284 bash
   64 root      20   0       0      0      0 S   5,7  0,0   0:26.43      0      0 kworker/3:1
11318 mgvvst    20   0   17888   3364   3108 S   5,7  0,2   0:00.06      0   3364 bash
11615 mgvvst    20   0   30400   3128   2696 R   5,7  0,2   0:00.02      0   3128 top
11315 mgvvst    20   0  540648 526036   3028 R 100,0 25,7   0:28.70      0 526036 bash
11316 mgvvst    20   0  546324 531656   3104 R 100,0 26,0   0:28.99      0 531656 bash
11651 mgvvst    20   0   30400   3256   2820 R  17,9  0,2   0:00.03      0   3256 top
    1 root      20   0   33936   1476    568 S   0,0  0,1   0:02.90    832   2308 init
    2 root      20   0       0      0      0 S   0,0  0,0   0:00.07      0      0 kthreadd
11315 mgvvst    20   0  594996 580156   3028 R 100,0 28,3   0:31.53      0 580156 bash
11316 mgvvst    20   0  599872 585248   3104 R 100,0 28,6   0:31.80      0 585248 bash
 1100 root      20   0  480648 118436  22796 S   6,8  5,8  21:53.73  57748 176184 Xorg
 2007 mgvvst    20   0 1769708 218452  22892 S   5,7 10,7  67:34.10 154532 372984 compiz
11215 mgvvst    20   0 1275164  60456  46624 R   3,4  3,0   0:20.39      0  60456 nautilus
11315 mgvvst    20   0  675536 660676   3028 R 100,0 32,3   0:35.64      0 660676 bash
11316 mgvvst    20   0  677632 662864   3104 R  91,5 32,4   0:35.75      0 662864 bash
11215 mgvvst    20   0 1275164  60456  46624 S  40,0  3,0   0:20.53      0  60456 nautilus
 2007 mgvvst    20   0 1769708 218452  22892 S  22,9 10,7  67:34.84 154532 372984 compiz
 1460 mgvvst    20   0  656184  18020   8488 S  17,1  0,9   0:16.30   4252  22272 hud-service
11316 mgvvst    20   0  722392 707692   3052 R  90,3 34,6   0:38.28      0 707692 bash
11315 mgvvst    20   0  719432 704736   3000 R  85,0 34,4   0:38.16      0 704736 bash
 2007 mgvvst    20   0 1769708 206048  10488 S  42,5 10,1  67:35.52 154532 360580 compiz
 1100 root      20   0  480648 116492  20852 S  26,6  5,7  21:54.56  57748 174240 Xorg
11756 mgvvst    20   0   30400   3172   2736 R  10,6  0,2   0:00.05      0   3172 top
   43 root      20   0       0      0      0 R  89,6  0,0  14:46.21      0      0 kswapd0
11315 mgvvst    20   0  760488 718168    432 R  76,2 35,1   0:42.21  24920 743088 bash
11316 mgvvst    20   0  767796 723840    432 R  71,7 35,3   0:42.38  26640 750480 bash
11804 mgvvst    20   0   30400   3128   2692 R  13,4  0,2   0:00.07      0   3128 top
  730 root       0 -20       0      0      0 S   9,0  0,0   0:09.38      0      0 kworker/2:1H
   43 root      20   0       0      0      0 R  96,3  0,0  14:48.27      0      0 kswapd0
11315 mgvvst    20   0  780520 726132    432 R  90,9 35,5   0:44.23  37020 763152 bash
11316 mgvvst    20   0  786828 730368    432 R  90,9 35,7   0:44.39  39120 769488 bash
11837 mgvvst    20   0   30400   3036   2604 R  10,7  0,1   0:00.04      0   3036 top
  730 root       0 -20       0      0      0 S   5,3  0,0   0:09.39      0      0 kworker/2:1H
11315 mgvvst    20   0  798736 724608    432 R 100,0 35,4   0:45.98  56760 781368 bash
   43 root      20   0       0      0      0 R  96,3  0,0  14:50.18      0      0 kswapd0
11316 mgvvst    20   0  803972 727384   1080 R  96,3 35,5   0:46.17  59864 787248 bash
 2007 mgvvst    20   0 1769708 193760   7528 R  39,7  9,5  67:37.40 163860 357620 compiz
11877 mgvvst    20   0   30400   3028   2596 R  11,3  0,1   0:00.03      0   3028 top
11315 mgvvst    20   0  818136 715132   1040 R 100,0 34,9   0:47.93  86336 801468 bash
11316 mgvvst    20   0  821016 714912   1080 R  91,7 34,9   0:47.89  89496 804408 bash
   43 root      20   0       0      0      0 R  86,0  0,0  14:52.22      0      0 kswapd0
  730 root       0 -20       0      0      0 S  11,5  0,0   0:09.48      0      0 kworker/2:1H
11913 mgvvst    20   0   30400   3136   2700 R  11,5  0,2   0:00.03      0   3136 top
   43 root      20   0       0      0      0 R  95,3  0,0  14:54.13      0      0 kswapd0
11315 mgvvst    20   0  849772 726088   1040 R  78,5 35,5   0:50.30 107060 833148 bash
11316 mgvvst    20   0  848516 721440   1080 R  78,5 35,2   0:50.20 110424 831864 bash
 2007 mgvvst    20   0 1769708 192048   5888 S  50,5  9,4  67:38.55 163932 355980 compiz
 1100 root      20   0  480648  99352  19592 S  16,8  4,9  21:56.07  73628 172980 Xorg
   43 root      20   0       0      0      0 R  96,0  0,0  14:56.09      0      0 kswapd0
11315 mgvvst    20   0  870480 733188   1040 R  90,4 35,8   0:52.26 120552 853740 bash
11316 mgvvst    20   0  869288 728984   1080 R  90,4 35,6   0:52.16 123736 852720 bash
11988 mgvvst    20   0   30244   2956   2524 S  11,3  0,1   0:00.02      0   2956 top
   64 root      20   0       0      0      0 S   5,6  0,0   0:26.74      0      0 kworker/3:1
11316 mgvvst    20   0  886992 729344   1080 R  85,0 35,6   0:54.27 141064 870408 bash
   43 root      20   0       0      0      0 R  80,0  0,0  14:58.33      0      0 kswapd0
11315 mgvvst    20   0  889620 734744   1040 R  70,0 35,9   0:54.42 138268 873012 bash
12021 mgvvst    20   0   30400   3016   2584 R  10,0  0,1   0:00.03      0   3016 top
  173 root       0 -20       0      0      0 S   5,0  0,0   0:08.53      0      0 kworker/3:1H
11316 mgvvst    20   0  902400 726948   1080 R 100,0 35,5   0:56.14 158772 885720 bash
   43 root      20   0       0      0      0 R  91,6  0,0  15:00.32      0      0 kswapd0
11315 mgvvst    20   0  905932 734232   1040 R  91,6 35,9   0:56.32 154884 889116 bash
 2007 mgvvst    20   0 1769708 189492   3408 S  34,4  9,3  67:39.88 164008 353500 compiz
 1100 root      20   0  480648  99120  19592 R  17,2  4,8  21:56.79  73860 172980 Xorg
11316 mgvvst    20   0  922760 727700   1080 R 100,0 35,5   0:58.31 178348 906048 bash
   43 root      20   0       0      0      0 R  97,6  0,0  15:02.45      0      0 kswapd0
11315 mgvvst    20   0  921020 729172   1040 R  91,8 35,6   0:58.30 174992 904164 bash
 2007 mgvvst    20   0 1769708 188408   2452 S  40,2  9,2  67:40.48 164136 352544 compiz
12096 mgvvst    20   0   30400   3000   2568 R  17,2  0,1   0:00.03      0   3000 top
11315 mgvvst    20   0  942008 726556   1040 R 100,0 35,5   1:00.29 198728 925284 bash
11316 mgvvst    20   0  942408 723312   1080 R  97,7 35,3   1:00.30 202536 925848 bash
   43 root      20   0       0      0      0 R  91,9  0,0  15:04.50      0      0 kswapd0
12129 mgvvst    20   0   30400   3116   2684 R  17,2  0,2   0:00.04      0   3116 top
12132 mgvvst    20   0   30400   3128   2692 R  11,5  0,2   0:00.02      0   3128 top
   43 root      20   0       0      0      0 R 100,0  0,0  15:06.73      0      0 kswapd0
11316 mgvvst    20   0  962904 722596   1080 R 100,0 35,3   1:02.48 223580 946176 bash
11315 mgvvst    20   0  962828 727352   1040 R 100,0 35,5   1:02.39 218788 946140 bash
12162 mgvvst    20   0   30400   3040   2604 R  64,9  0,1   0:00.13      0   3040 top
12165 mgvvst    20   0   30400   3036   2604 R  59,4  0,1   0:00.13      0   3036 top
11315 mgvvst    20   0  982640 733264   1040 R  89,9 35,8   1:04.30 232676 965940 bash
11316 mgvvst    20   0  979656 725036   1080 R  89,9 35,4   1:04.20 238036 963072 bash
   43 root      20   0       0      0      0 R  78,6  0,0  15:08.64      0      0 kswapd0
  730 root       0 -20       0      0      0 S  11,2  0,0   0:09.76      0      0 kworker/2:1H
 1100 root      20   0  480648  98796  19496 S  11,2  4,8  21:57.78  74088 172884 Xorg
11315 mgvvst    20   0 1003632 733804   1040 D 100,0 35,8   1:06.73 252992 986796 bash
11316 mgvvst    20   0  999176 724208   1080 R 100,0 35,4   1:06.68 258400 982608 bash
   43 root      20   0       0      0      0 R 100,0  0,0  15:11.21      0      0 kswapd0
11295 root      20   0       0      0      0 R  34,8  0,0   0:00.40      0      0 kworker/u8:1
12241 mgvvst    20   0   30376   3088   2584 R  23,2  0,2   0:00.04      0   3088 top
   43 root      20   0       0      0      0 R  88,3  0,0  15:13.31      0      0 kswapd0
11315 mgvvst    20   0 1039276 725480   1040 R  75,1 35,4   1:09.47 296956 998,5m bash
11316 mgvvst    20   0 1036768 717120   1080 R  75,1 35,0   1:09.54 302976 996,2m bash
 2007 mgvvst    20   0 1769708 188280   2432 S  13,3  9,2  67:43.17 164244 352524 compiz
 1100 root      20   0  480648  98596  19412 S   8,8  4,8  21:58.53  74204 172800 Xorg
11316 mgvvst    20   0 1052572 718916   1080 R 100,0 35,1   1:11.50 317020 0,988g bash
   43 root      20   0       0      0      0 R  92,8  0,0  15:15.39      0      0 kswapd0
11315 mgvvst    20   0 1057856 729712   1040 R  87,0 35,6   1:11.44 311468 0,993g bash
 2007 mgvvst    20   0 1769708 197256  10092 S  40,6  9,6  67:43.92 162928 360184 compiz
 1100 root      20   0  480648  98484  19300 S  23,2  4,8  21:58.72  74204 172688 Xorg
11316 mgvvst    20   0 1080276 716276   1080 R 100,0 35,0   1:13.90 347380 1,014g bash
11315 mgvvst    20   0 1086576 727680   1040 R 100,0 35,5   1:13.83 342276 1,020g bash
 2007 mgvvst    20   0 1769708 196860  10092 S  17,5  9,6  67:44.59 163324 360184 compiz
12346 mgvvst    20   0   30400   3020   2584 R   7,5  0,1   0:00.04      0   3020 top
12349 mgvvst    20   0   30400   3188   2752 R   7,5  0,2   0:00.04      0   3188 top
11315 mgvvst    20   0 1107664 734648   1040 R 100,0 35,9   1:15.89 356164 1,040g bash
   43 root      20   0       0      0      0 R  97,3  0,0  15:19.16      0      0 kswapd0
11316 mgvvst    20   0 1100696 723052   1080 R  97,3 35,3   1:15.82 360932 1,034g bash
12382 mgvvst    20   0   30400   3112   2676 R  12,2  0,2   0:00.02      0   3112 top
   41 root      20   0       0      0      0 S   6,1  0,0   0:37.89      0      0 kworker/0:1
11316 mgvvst    20   0 1114676 721396   1080 R 100,0 35,2   1:17.69 376580 1,047g bash
   43 root      20   0       0      0      0 R  98,3  0,0  15:21.19      0      0 kswapd0
11315 mgvvst    20   0 1122280 734464   1040 R  92,2 35,9   1:17.91 371132 1,054g bash
  276 root       0 -20       0      0      0 S   6,1  0,0   0:09.93      0      0 kworker/1:1H
12418 mgvvst    20   0   30244   2996   2564 S   6,1  0,1   0:00.01      0   2996 top
11315 mgvvst    20   0 1144096 733744   1040 R  93,5 35,8   1:20.33 393500 1,075g bash
11316 mgvvst    20   0 1134676 718044   1080 R  93,5 35,1   1:19.98 399996 1,066g bash
   43 root      20   0       0      0      0 R  87,6  0,0  15:23.79      0      0 kswapd0
 2007 mgvvst    20   0 1769708 196428  10092 S  52,6  9,6  67:46.45 163756 360184 compiz
 1100 root      20   0  480648  98484  19300 S  23,4  4,8  22:00.18  74204 172688 Xorg
   43 root      20   0       0      0      0 R  92,1  0,0  15:26.08      0      0 kswapd0
11315 mgvvst    20   0 1162512 729364   1040 R  92,1 35,6   1:22.38 416360 1,093g bash
11316 mgvvst    20   0 1151372 711704   1080 R  92,1 34,8   1:22.04 422968 1,082g bash
12503 mgvvst    20   0   30400   3120   2684 R  11,5  0,2   0:00.03      0   3120 top
    7 root      20   0       0      0      0 S   5,8  0,0   1:14.29      0      0 rcu_sched
11316 mgvvst    20   0 1171272 718536   1080 R 100,0 35,1   1:24.00 435936 1,101g bash
11315 mgvvst    20   0 1182056 735864   1040 R 100,0 35,9   1:24.26 429396 1,111g bash
   43 root      20   0       0      0      0 R  90,9  0,0  15:27.98      0      0 kswapd0
 2007 mgvvst    20   0 1769708 196248   9912 R  36,4  9,6  67:47.70 163756 360004 compiz
11215 mgvvst    20   0 1275164  26260  20440 S  12,1  1,3   0:22.43   8004  34264 nautilus
11316 mgvvst    20   0 1188760 714276   1080 R 100,0 34,9   1:25.97 457884 1,118g bash
11315 mgvvst    20   0 1199376 731916   1040 R 100,0 35,7   1:26.14 450768 1,128g bash
   43 root      20   0       0      0      0 R 100,0  0,0  15:30.03      0      0 kswapd0
11215 mgvvst    20   0 1275164  26100  20280 S  11,4  1,3   0:22.51   8004  34104 nautilus
12575 mgvvst    20   0   30400   2996   2564 R  11,4  0,1   0:00.03      0   2996 top
11316 mgvvst    20   0 1208188 720180   1080 R  96,1 35,2   1:27.86 471252 1,136g bash
   43 root      20   0       0      0      0 R  90,1  0,0  15:32.00      0      0 kswapd0
11315 mgvvst    20   0 1219148 737872   1040 R  90,1 36,0   1:28.06 464612 1,147g bash
12611 mgvvst    20   0   30400   3016   2584 R  12,0  0,1   0:00.02      0   3016 top
    7 root      20   0       0      0      0 S   6,0  0,0   1:14.42      0      0 rcu_sched
11315 mgvvst    20   0 1233676 733428   1040 R  91,7 35,8   1:29.91 483576 1,161g bash
11316 mgvvst    20   0 1222988 716604   1080 R  86,3 35,0   1:29.68 489612 1,150g bash
   43 root      20   0       0      0      0 R  80,9  0,0  15:34.02      0      0 kswapd0
  730 root       0 -20       0      0      0 S  10,8  0,0   0:10.24      0      0 kworker/2:1H
12650 mgvvst    20   0   30400   2960   2524 R   5,4  0,1   0:00.03      0   2960 top
11315 mgvvst    20   0 1268788 736668   1040 R 100,0 36,0   1:34.46 515448 1,194g bash
11316 mgvvst    20   0 1258608 720920   1080 R 100,0 35,2   1:34.14 520936 1,184g bash
   43 root      20   0       0      0      0 R  65,4  0,0  15:38.36      0      0 kswapd0
 2007 mgvvst    20   0 1769708 195104   8768 S  28,0  9,5  67:50.47 163756 358860 compiz
12683 mgvvst    20   0   30400   3000   2564 R  23,4  0,1   0:00.29      0   3000 top
11315 mgvvst    20   0 1282376 735560   1040 R  99,9 35,9   1:36.37 530020 1,207g bash
   43 root      20   0       0      0      0 R  94,0  0,0  15:40.53      0      0 kswapd0
11316 mgvvst    20   0 1272888 720844   1080 R  94,0 35,2   1:35.96 535268 1,198g bash
   64 root      20   0       0      0      0 S   5,9  0,0   0:27.10      0      0 kworker/3:1
  173 root       0 -20       0      0      0 S   5,9  0,0   0:09.14      0      0 kworker/3:1H
   43 root      20   0       0      0      0 R  99,9  0,0  15:42.67      0      0 kswapd0
11316 mgvvst    20   0 1291728 720800   1080 R  88,2 35,2   1:38.41 554320 1,216g bash
11315 mgvvst    20   0 1300708 735404   1040 R  76,4 35,9   1:38.36 548656 1,225g bash
 2007 mgvvst    20   0 1769708 195084   8748 S  52,9  9,5  67:51.68 163756 358840 compiz
 1100 root      20   0  480648  98660  19296 S  11,8  4,8  22:03.22  74024 172684 Xorg
11315 mgvvst    20   0 1316664 727580   1040 R  98,1 35,5   1:39.96 572320 1,240g bash
11316 mgvvst    20   0 1306648 712816   1080 R  98,1 34,8   1:40.08 577088 1,230g bash
   43 root      20   0       0      0      0 R  92,3  0,0  15:44.62      0      0 kswapd0
12799 mgvvst    20   0   30400   3016   2584 R  17,3  0,1   0:00.04      0   3016 top
    7 root      20   0       0      0      0 S   5,8  0,0   1:14.87      0      0 rcu_sched
11315 mgvvst    20   0 1335572 734540   1040 R 100,0 35,9   1:42.09 584368 1,258g bash
   43 root      20   0       0      0      0 R 100,0  0,0  15:46.70      0      0 kswapd0
11316 mgvvst    20   0 1327348 722548   1080 R 100,0 35,3   1:42.02 588212 1,250g bash
   23 root      20   0       0      0      0 S   6,0  0,0   0:57.02      0      0 ksoftirqd/3
   41 root      20   0       0      0      0 R   6,0  0,0   0:38.14      0      0 kworker/0:1
   43 root      20   0       0      0      0 R  95,2  0,0  15:48.84      0      0 kswapd0
11316 mgvvst    20   0 1341332 720328   1080 R  89,3 35,2   1:44.03 604424 1,263g bash
11315 mgvvst    20   0 1351428 733580   1040 R  83,3 35,8   1:44.03 601168 1,273g bash
 2007 mgvvst    20   0 1769708 194076   7740 S  35,7  9,5  67:53.44 163756 357832 compiz
 1100 root      20   0  480648  98660  19296 S  23,8  4,8  22:04.10  74024 172684 Xorg
   43 root      20   0       0      0      0 R 100,0  0,0  15:51.04      0      0 kswapd0
11315 mgvvst    20   0 1369208 733556   1040 R 100,0 35,8   1:46.15 618880 1,290g bash
11316 mgvvst    20   0 1358572 719324   1080 R 100,0 35,1   1:46.01 622588 1,280g bash
12907 mgvvst    20   0   30400   3116   2684 R  11,8  0,2   0:00.03      0   3116 top
    7 root      20   0       0      0      0 S   5,9  0,0   1:15.05      0      0 rcu_sched
   43 root      20   0       0      0      0 R  97,8  0,0  15:53.39      0      0 kswapd0
11316 mgvvst    20   0 1378500 716772   1080 R  92,7 35,0   1:48.13 644940 1,299g bash
11315 mgvvst    20   0 1390080 730736   1040 R  87,5 35,7   1:48.54 642556 1,310g bash
 2007 mgvvst    20   0 1769708 193212   6876 S  56,6  9,4  67:54.69 163756 356968 compiz
 1100 root      20   0  480648  98660  19296 R  36,0  4,8  22:04.83  74024 172684 Xorg
   43 root      20   0       0      0      0 R 100,0  0,0  15:55.83      0      0 kswapd0
11315 mgvvst    20   0 1412752 741024   1040 D  87,0 36,2   1:50.73 654972 1,331g bash
11316 mgvvst    20   0 1397908 724876   1080 R  87,0 35,4   1:50.27 656372 1,317g bash
 2007 mgvvst    20   0 1769708 175968   6876 R  38,1  8,6  67:55.70 181000 356968 compiz
   23 root      20   0       0      0      0 S  32,6  0,0   0:58.68      0      0 ksoftirqd/3
11315 mgvvst    20   0 1433200 748088   1040 R  94,0 36,5   1:52.88 668500 1,351g bash
   43 root      20   0       0      0      0 R  88,1  0,0  15:57.96      0      0 kswapd0
11316 mgvvst    20   0 1417016 729856   1080 R  64,6 35,6   1:52.22 670400 1,335g bash
 2007 mgvvst    20   0 1769708 170896   6508 R  41,1  8,3  67:56.36 185704 356600 compiz
 1100 root      20   0  480648  96536  19284 S  23,5  4,7  22:05.64  76136 172672 Xorg
11315 mgvvst    20   0 1451268 742676   1040 R  96,0 36,3   1:55.10 691864 1,368g bash
   43 root      20   0       0      0      0 R  90,0  0,0  16:00.45      0      0 kswapd0
11316 mgvvst    20   0 1435968 724764   1080 R  90,0 35,4   1:54.48 694500 1,354g bash
    7 root      20   0       0      0      0 S  12,0  0,0   1:15.30      0      0 rcu_sched
   23 root      20   0       0      0      0 R  12,0  0,0   0:59.42      0      0 ksoftirqd/3
   43 root      20   0       0      0      0 R 100,0  0,0  16:02.44      0      0 kswapd0
11316 mgvvst    20   0 1455216 731116   1080 R  94,6 35,7   1:56.28 707420 1,372g bash
11315 mgvvst    20   0 1472132 750804   1040 R  65,0 36,7   1:57.11 704592 1,388g bash
 2007 mgvvst    20   0 1769708 161804   5480 R  41,4  7,9  67:57.89 193768 355572 compiz
 1471 mgvvst    20   0  580464   6620   1680 S  17,7  0,3   0:21.13   3472  10092 unity-panel-ser
   43 root      20   0       0      0      0 R  99,0  0,0  16:04.08      0      0 kswapd0
11315 mgvvst    20   0 1501940 776784   1040 R  90,7 37,9   1:59.44 708444 1,416g bash
11316 mgvvst    20   0 1484388 756484   1080 R  70,1 36,9   1:58.65 711092 1,400g bash
 2007 mgvvst    20   0 1769708 148088   5184 R  41,2  7,2  67:58.62 207188 355276 compiz
 2336 mgvvst    20   0  676516  12880   3860 S  20,6  0,6   4:03.80  13748  26628 gnome-terminal
11315 mgvvst    20   0 1528132 799944   1040 R 100,0 39,1   2:01.29 711420 1,441g bash
11316 mgvvst    20   0 1505120 774676   1080 R  95,5 37,8   2:00.47 713756 1,419g bash
 2007 mgvvst    20   0 1769708 148244   9052 R  39,3  7,2  67:59.45 210900 359144 compiz
13156 mgvvst    20   0   30400   3188   2752 R  11,2  0,2   0:00.03      0   3188 top
   23 root      20   0       0      0      0 S   5,6  0,0   0:59.75      0      0 ksoftirqd/3
   43 root      20   0       0      0      0 R  74,1  0,0  16:06.77      0      0 kswapd0
11315 mgvvst    20   0 1552532 817468   1040 R  74,1 39,9   2:03.28 718448 1,465g bash
11316 mgvvst    20   0 1527596 790016   1080 R  61,0 38,6   2:02.35 720856 1,441g bash
  173 root       0 -20       0      0      0 S  26,1  0,0   0:09.63      0      0 kworker/3:1H
 1100 root      20   0  480648  38156  14008 S   8,7  1,9  22:07.27 129240 167396 Xorg
 1457 mgvvst    20   0  824256   1824   1032 D  33,0  0,1   0:14.03   6060   7884 unity-settings-
 1706 mgvvst    20   0  457672   1616   1236 D  28,3  0,1   0:02.39   3328   4944 indicator-print
 1916 mgvvst    20   0  430528   1736    948 D  23,6  0,1   0:04.04   4364   6100 notify-osd
11215 mgvvst    20   0 1275164  10508   4628 R  23,6  0,5   0:29.55   7992  18500 nautilus
 1480 mgvvst    20   0  490404    360      0 S  14,1  0,0   0:19.76   5536   5896 ibus-ui-gtk3
