11315 mgvvst    20   0   39444  24708   3028 R  97,6  1,2   0:01.31      0  24708 bash
11316 mgvvst    20   0   41156  26364   3104 R  97,6  1,3   0:01.31      0  26364 bash
 2007 mgvvst    20   0 1769708 218452  22892 S  27,1 10,7  67:28.50 154532 372984 compiz
 1100 root      20   0  480648 118436  22796 S  16,3  5,8  21:50.59  57748 176184 Xorg
11348 mgvvst    20   0   30400   3132   2700 R  10,8  0,2   0:00.04      0   3132 top
11315 mgvvst    20   0  108480  93868   3028 R 100,0  4,6   0:05.25      0  93868 bash
11316 mgvvst    20   0  111896  97112   3104 R 100,0  4,7   0:05.28      0  97112 bash
 2007 mgvvst    20   0 1769708 218452  22892 S   4,1 10,7  67:29.29 154532 372984 compiz
11395 mgvvst    20   0       0      0      0 R   4,1  0,0   0:00.03      0      0 top
 1100 root      20   0  480648 118436  22796 S   2,7  5,8  21:51.02  57748 176184 Xorg
11315 mgvvst    20   0  178208 163564   3028 R 100,0  8,0   0:08.82      0 163564 bash
11316 mgvvst    20   0  181844 167072   3104 R 100,0  8,2   0:08.93      0 167072 bash
 2007 mgvvst    20   0 1769708 218452  22892 R  33,8 10,7  67:29.74 154532 372984 compiz
 1100 root      20   0  480648 118436  22796 S   5,6  5,8  21:51.29  57748 176184 Xorg
11432 mgvvst    20   0   30400   3072   2636 R   5,6  0,2   0:00.03      0   3072 top
11315 mgvvst    20   0  250448 235636   3028 R 100,0 11,5   0:13.00      0 235636 bash
11316 mgvvst    20   0  255436 240728   3104 R  97,7 11,8   0:13.11      0 240728 bash
11468 mgvvst    20   0   30400   3076   2640 R   5,1  0,2   0:00.07      0   3076 top
 1100 root      20   0  480648 118436  22796 R   4,1  5,8  21:51.67  57748 176184 Xorg
11215 mgvvst    20   0 1275164  60372  46660 R   4,1  2,9   0:19.87      0  60372 nautilus
11316 mgvvst    20   0  360296 345536   3104 R 100,0 16,9   0:18.88      0 345536 bash
11315 mgvvst    20   0  355188 340444   3028 R  98,6 16,6   0:18.69      0 340444 bash
   41 root      20   0       0      0      0 R   2,2  0,0   0:37.24      0      0 kworker/0:1
  174 root      20   0       0      0      0 R   2,2  0,0   0:02.04      0      0 jbd2/sda1-8
 2007 mgvvst    20   0 1769708 218452  22892 R   2,2 10,7  67:31.42 154532 372984 compiz
11315 mgvvst    20   0  411980 397204   3028 R  98,4 19,4   0:21.70      0 397204 bash
11316 mgvvst    20   0  418408 403616   3104 R  98,4 19,7   0:21.93      0 403616 bash
11543 mgvvst    20   0   30400   3108   2676 R  11,6  0,2   0:00.04      0   3108 top
    7 root      20   0       0      0      0 S   5,8  0,0   1:13.02      0      0 rcu_sched
   64 root      20   0       0      0      0 S   5,8  0,0   0:26.40      0      0 kworker/3:1
11316 mgvvst    20   0  472504 457736   3104 R 100,0 22,4   0:24.87      0 457736 bash
11315 mgvvst    20   0  465280 450532   3028 R  95,8 22,0   0:24.57      0 450532 bash
 9482 mgvvst    20   0   30380    456      0 S   2,9  0,0   0:10.51    116    572 top
   41 root      20   0       0      0      0 S   1,9  0,0   0:37.28      0      0 kworker/0:1
   64 root      20   0       0      0      0 S   1,9  0,0   0:26.42      0      0 kworker/3:1
11315 mgvvst    20   0  502556 487756   3028 R  92,3 23,8   0:26.60      0 487756 bash
11316 mgvvst    20   0  508832 494168   3104 R  92,3 24,1   0:26.90      0 494168 bash
   64 root      20   0       0      0      0 S   5,8  0,0   0:26.43      0      0 kworker/3:1
11612 mgvvst    20   0   30400   3184   2748 R   5,8  0,2   0:00.02      0   3184 top
11615 mgvvst    20   0   30244   3128   2696 S   5,8  0,2   0:00.01      0   3128 top
11315 mgvvst    20   0  540520 525772   3028 R 100,0 25,7   0:28.69      0 525772 bash
11316 mgvvst    20   0  546212 531656   3104 R  96,6 26,0   0:28.98      0 531656 bash
11648 mgvvst    20   0   30400   3068   2636 R  16,1  0,1   0:00.05      0   3068 top
11651 mgvvst    20   0   30400   3256   2820 R  10,7  0,2   0:00.02      0   3256 top
    1 root      20   0   33936   1476    568 S   0,0  0,1   0:02.90    832   2308 init
11315 mgvvst    20   0  595000 580156   3028 R 100,0 28,3   0:31.53      0 580156 bash
11316 mgvvst    20   0  599876 585248   3104 R 100,0 28,6   0:31.80      0 585248 bash
 2007 mgvvst    20   0 1769708 218452  22892 S   8,1 10,7  67:34.10 154532 372984 compiz
 1100 root      20   0  480648 118436  22796 S   6,9  5,8  21:53.73  57748 176184 Xorg
11687 mgvvst    20   0   30368   3248   2760 R   4,6  0,2   0:00.04      0   3248 top
11315 mgvvst    20   0  675236 660412   3028 R  94,2 32,2   0:35.62      0 660412 bash
11316 mgvvst    20   0  677528 662864   3104 R  94,2 32,4   0:35.75      0 662864 bash
11215 mgvvst    20   0 1275164  60456  46624 S  38,8  3,0   0:20.53      0  60456 nautilus
 1460 mgvvst    20   0  656184  18020   8488 S  16,6  0,9   0:16.30   4252  22272 hud-service
11720 mgvvst    20   0   30400   3140   2704 R  11,1  0,2   0:00.04      0   3140 top
11315 mgvvst    20   0  719372 704736   3000 R  92,4 34,4   0:38.16      0 704736 bash
11316 mgvvst    20   0  722348 707692   3052 R  92,4 34,6   0:38.28      0 707692 bash
 2007 mgvvst    20   0 1769708 206048  10488 S  43,5 10,1  67:35.52 154532 360580 compiz
 1100 root      20   0  480648 116492  20852 S  27,2  5,7  21:54.56  57748 174240 Xorg
11756 mgvvst    20   0   30400   3172   2736 R   5,4  0,2   0:00.04      0   3172 top
   43 root      20   0       0      0      0 R  95,3  0,0  14:46.20      0      0 kswapd0
11315 mgvvst    20   0  760428 718336    432 R  89,7 35,1   0:42.20  24752 743088 bash
11316 mgvvst    20   0  767740 723916    432 R  89,7 35,3   0:42.38  26564 750480 bash
  730 root       0 -20       0      0      0 S  11,2  0,0   0:09.38      0      0 kworker/2:1H
11801 mgvvst    20   0   30400   3128   2692 R  11,2  0,2   0:00.03      0   3128 top
   43 root      20   0       0      0      0 R  94,9  0,0  14:48.28      0      0 kswapd0
11315 mgvvst    20   0  780680 726296    432 R  94,9 35,5   0:44.24  37120 763416 bash
11316 mgvvst    20   0  787040 730540    432 R  94,9 35,7   0:44.40  39212 769752 bash
  730 root       0 -20       0      0      0 S   5,6  0,0   0:09.39      0      0 kworker/2:1H
11840 mgvvst    20   0   30400   2996   2564 R   5,6  0,1   0:00.02      0   2996 top
   43 root      20   0       0      0      0 R  96,3  0,0  14:50.29      0      0 kswapd0
11315 mgvvst    20   0  799200 724772    432 R  84,3 35,4   0:46.05  57124 781896 bash
11316 mgvvst    20   0  804516 727492   1080 R  78,3 35,5   0:46.24  60284 787776 bash
 2007 mgvvst    20   0 1769708 193760   7528 S  42,1  9,5  67:37.40 163860 357620 compiz
   41 root      20   0       0      0      0 S  18,1  0,0   0:37.56      0      0 kworker/0:1
11315 mgvvst    20   0  819432 715948   1040 R 100,0 35,0   0:48.06  86840 802788 bash
   43 root      20   0       0      0      0 D  79,8  0,0  14:52.33      0      0 kswapd0
11316 mgvvst    20   0  821936 715220   1080 R  79,8 34,9   0:47.99  89980 805200 bash
 2007 mgvvst    20   0 1769708 192992   6832 S  22,8  9,4  67:37.96 163932 356924 compiz
    7 root      20   0       0      0      0 S  11,4  0,0   1:13.52      0      0 rcu_sched
11315 mgvvst    20   0  851420 726768   1040 R 100,0 35,5   0:50.47 107964 834732 bash
11316 mgvvst    20   0  850120 722124   1080 R 100,0 35,3   0:50.37 111324 833448 bash
   43 root      20   0       0      0      0 R  96,1  0,0  14:54.28      0      0 kswapd0
11952 mgvvst    20   0   30400   3016   2584 R  12,0  0,1   0:00.03      0   3016 top
  730 root       0 -20       0      0      0 S   6,0  0,0   0:09.52      0      0 kworker/2:1H
11316 mgvvst    20   0  870164 729256   1080 R  95,6 35,6   0:52.27 124256 853512 bash
   43 root      20   0       0      0      0 R  89,6  0,0  14:56.20      0      0 kswapd0
11315 mgvvst    20   0  871472 733740   1040 R  89,6 35,8   0:52.37 121056 854796 bash
 2007 mgvvst    20   0 1769708 191884   5724 S  41,8  9,4  67:39.01 163932 355816 compiz
 1100 root      20   0  480648  99352  19592 S  17,9  4,9  21:56.29  73628 172980 Xorg
11316 mgvvst    20   0  887216 729180   1080 R  98,4 35,6   0:54.29 141228 870408 bash
   43 root      20   0       0      0      0 R  92,3  0,0  14:58.35      0      0 kswapd0
11315 mgvvst    20   0  889896 734916   1040 R  92,3 35,9   0:54.44 138360 873276 bash
  276 root       0 -20       0      0      0 S   6,2  0,0   0:09.55      0      0 kworker/1:1H
12024 mgvvst    20   0   30400   3132   2700 R   6,2  0,2   0:00.02      0   3132 top
   43 root      20   0       0      0      0 R  93,0  0,0  15:00.35      0      0 kswapd0
11316 mgvvst    20   0  902576 727044   1080 R  93,0 35,5   0:56.15 158940 885984 bash
11315 mgvvst    20   0  906096 734408   1040 R  87,2 35,9   0:56.34 154972 889380 bash
 2007 mgvvst    20   0 1769708 189492   3408 S  34,9  9,3  67:39.88 164008 353500 compiz
 1100 root      20   0  480648  99120  19592 S  17,4  4,8  21:56.79  73860 172980 Xorg
11316 mgvvst    20   0  922812 727700   1080 R  97,6 35,5   0:58.31 178348 906048 bash
   43 root      20   0       0      0      0 R  91,9  0,0  15:02.46      0      0 kswapd0
11315 mgvvst    20   0  921080 729436   1040 R  86,1 35,6   0:58.30 174992 904428 bash
 2007 mgvvst    20   0 1769708 188408   2452 S  40,2  9,2  67:40.48 164136 352544 compiz
 1100 root      20   0  480648  99008  19508 S  11,5  4,8  21:57.09  73888 172896 Xorg
11315 mgvvst    20   0  942156 726764   1040 R 100,0 35,5   1:00.30 198784 925548 bash
11316 mgvvst    20   0  942556 723232   1080 R 100,0 35,3   1:00.32 202620 925852 bash
   43 root      20   0       0      0      0 R  92,5  0,0  15:04.51      0      0 kswapd0
12132 mgvvst    20   0   30400   3128   2692 R  17,3  0,2   0:00.03      0   3128 top
    7 root      20   0       0      0      0 S   5,8  0,0   1:13.78      0      0 rcu_sched
   43 root      20   0       0      0      0 R  98,7  0,0  15:07.19      0      0 kswapd0
11316 mgvvst    20   0  966132 722584   1080 R  93,5 35,3   1:02.87 226760 949344 bash
11315 mgvvst    20   0  966780 728120   1040 R  88,3 35,6   1:02.80 221980 950100 bash
12169 mgvvst    20   0   30400   3028   2596 R  10,4  0,1   0:00.09      0   3028 top
    7 root      20   0       0      0      0 S   5,2  0,0   1:13.82      0      0 rcu_sched
11316 mgvvst    20   0  983560 726572   1080 R 100,0 35,5   1:04.64 240196 966768 bash
   43 root      20   0       0      0      0 R 100,0  0,0  15:09.06      0      0 kswapd0
11315 mgvvst    20   0  986516 734816   1040 R  89,0 35,9   1:04.70 235084 969900 bash
 2007 mgvvst    20   0 1769708 188332   2452 R  29,7  9,2  67:41.98 164212 352544 compiz
11215 mgvvst    20   0 1275164  26600  20748 R  17,8  1,3   0:21.66   8004  34604 nautilus
11316 mgvvst    20   0  999104 724000   1080 R 100,0 35,4   1:06.67 258344 982344 bash
11315 mgvvst    20   0 1003512 733880   1040 R 100,0 35,8   1:06.71 252916 986796 bash
   43 root      20   0       0      0      0 R  91,1  0,0  15:11.17      0      0 kswapd0
11295 root      20   0       0      0      0 R  22,8  0,0   0:00.38      0      0 kworker/u8:1
 1100 root      20   0  480648  98644  19496 S  17,1  4,8  21:58.14  74240 172884 Xorg
   43 root      20   0       0      0      0 R  96,6  0,0  15:13.21      0      0 kswapd0
11315 mgvvst    20   0 1038256 725240   1040 R  75,1 35,4   1:09.37 296404 997,7m bash
11316 mgvvst    20   0 1035820 716604   1080 R  75,1 35,0   1:09.44 302436 995,2m bash
 2007 mgvvst    20   0 1769708 188280   2432 S  42,9  9,2  67:43.17 164244 352524 compiz
 1100 root      20   0  480648  98596  19412 S  21,5  4,8  21:58.53  74204 172800 Xorg
11316 mgvvst    20   0 1052100 718836   1080 R 100,0 35,1   1:11.41 316572 0,987g bash
   43 root      20   0       0      0      0 R  89,5  0,0  15:15.34      0      0 kswapd0
11315 mgvvst    20   0 1057328 729744   1040 R  78,3 35,6   1:11.38 310908 0,992g bash
 2007 mgvvst    20   0 1769708 197256  10092 S  11,2  9,6  67:43.87 162928 360184 compiz
 9482 mgvvst    20   0   30380    836    372 S  11,2  0,0   0:10.98    108    944 top
11316 mgvvst    20   0 1080300 716168   1080 R 100,0 35,0   1:13.90 347488 1,014g bash
11315 mgvvst    20   0 1086616 727580   1040 R 100,0 35,5   1:13.84 342376 1,020g bash
 2007 mgvvst    20   0 1769708 196860  10092 S  12,6  9,6  67:44.57 163324 360184 compiz
12346 mgvvst    20   0   30400   3020   2584 R  10,1  0,1   0:00.05      0   3020 top
12349 mgvvst    20   0   30372   3248   2752 R   7,6  0,2   0:00.04      0   3248 top
11315 mgvvst    20   0 1108112 735008   1040 R 100,0 35,9   1:15.93 356332 1,041g bash
   43 root      20   0       0      0      0 R  98,1  0,0  15:19.19      0      0 kswapd0
11316 mgvvst    20   0 1100928 723104   1080 R  98,1 35,3   1:15.86 361144 1,034g bash
12385 mgvvst    20   0   30400   3184   2752 R  12,3  0,2   0:00.03      0   3184 top
   41 root      20   0       0      0      0 S   6,1  0,0   0:37.89      0      0 kworker/0:1
11316 mgvvst    20   0 1114860 721408   1080 R 100,0 35,2   1:17.73 376832 1,047g bash
   43 root      20   0       0      0      0 R  97,8  0,0  15:21.21      0      0 kswapd0
11315 mgvvst    20   0 1122388 734304   1040 R  82,3 35,9   1:17.92 371292 1,054g bash
12418 mgvvst    20   0   30400   2996   2564 R  10,3  0,1   0:00.03      0   2996 top
  276 root       0 -20       0      0      0 S   5,1  0,0   0:09.93      0      0 kworker/1:1H
   43 root      20   0       0      0      0 R  98,1  0,0  15:23.31      0      0 kswapd0
11316 mgvvst    20   0 1129232 715280   1080 R  70,9 34,9   1:19.47 397216 1,061g bash
11315 mgvvst    20   0 1138868 731428   1040 R  65,4 35,7   1:19.85 390800 1,070g bash
 2007 mgvvst    20   0 1769708 196428  10092 S  60,0  9,6  67:46.35 163756 360184 compiz
 1100 root      20   0  480648  98484  19300 S  27,3  4,8  22:00.14  74204 172688 Xorg
11316 mgvvst    20   0 1148220 710280   1080 R 100,0 34,7   1:21.70 421228 1,079g bash
   43 root      20   0       0      0      0 R  83,5  0,0  15:25.68      0      0 kswapd0
11315 mgvvst    20   0 1158632 727520   1040 R  78,8 35,5   1:22.01 414508 1,089g bash
 2007 mgvvst    20   0 1769708 196416  10080 S  37,1  9,6  67:47.16 163756 360172 compiz
 1100 root      20   0  480648  98484  19300 S   9,3  4,8  22:00.66  74204 172688 Xorg
11316 mgvvst    20   0 1167400 717124   1080 R  90,3 35,0   1:23.59 433652 1,097g bash
11315 mgvvst    20   0 1178512 734852   1040 R  85,0 35,9   1:23.88 426976 1,108g bash
   43 root      20   0       0      0      0 R  74,3  0,0  15:27.62      0      0 kswapd0
  730 root       0 -20       0      0      0 S  10,6  0,0   0:10.02      0      0 kworker/2:1H
    7 root      20   0       0      0      0 S   5,3  0,0   1:14.34      0      0 rcu_sched
11315 mgvvst    20   0 1195484 729916   1040 R  87,4 35,6   1:25.78 448808 1,124g bash
   43 root      20   0       0      0      0 R  82,0  0,0  15:29.69      0      0 kswapd0
11316 mgvvst    20   0 1184500 711808   1080 R  82,0 34,8   1:25.60 456128 1,114g bash
 2007 mgvvst    20   0 1769708 196132   9796 S  27,3  9,6  67:48.40 163756 359888 compiz
 1100 root      20   0  480648  98480  19296 S  21,9  4,8  22:01.28  74204 172684 Xorg
   43 root      20   0       0      0      0 R  94,4  0,0  15:31.66      0      0 kswapd0
11315 mgvvst    20   0 1215508 735968   1040 R  94,4 35,9   1:27.70 462820 1,143g bash
11316 mgvvst    20   0 1203928 717712   1080 R  94,4 35,0   1:27.51 469496 1,132g bash
12604 mgvvst    20   0   30400   3116   2680 R  11,8  0,2   0:00.02      0   3116 top
  730 root       0 -20       0      0      0 S   5,9  0,0   0:10.15      0      0 kworker/2:1H
   43 root      20   0       0      0      0 R  98,3  0,0  15:33.86      0      0 kswapd0
11316 mgvvst    20   0 1221264 715916   1080 R  92,2 35,0   1:29.51 488716 1,149g bash
11315 mgvvst    20   0 1231736 732264   1040 R  79,9 35,8   1:29.71 482628 1,159g bash
 2007 mgvvst    20   0 1769708 195716   9380 S  49,2  9,6  67:49.59 163756 359472 compiz
 1100 root      20   0  480648  98660  19296 S  18,4  4,8  22:02.09  74024 172684 Xorg
   43 root      20   0       0      0      0 R  89,0  0,0  15:38.35      0      0 kswapd0
11315 mgvvst    20   0 1268528 737244   1040 R  74,1 36,0   1:34.38 514608 1,194g bash
11316 mgvvst    20   0 1258292 721516   1080 R  69,2 35,2   1:34.05 520076 1,184g bash
 2007 mgvvst    20   0 1769708 195104   8768 S  34,6  9,5  67:50.47 163756 358860 compiz
 1100 root      20   0  480648  98660  19296 S  14,8  4,8  22:02.62  74024 172684 Xorg
11315 mgvvst    20   0 1282088 735408   1040 R  94,4 35,9   1:36.35 529908 1,207g bash
   43 root      20   0       0      0      0 R  83,3  0,0  15:40.51      0      0 kswapd0
11316 mgvvst    20   0 1272612 720692   1080 R  83,3 35,2   1:35.94 535156 1,198g bash
  173 root       0 -20       0      0      0 S  11,1  0,0   0:09.14      0      0 kworker/3:1H
   64 root      20   0       0      0      0 S   5,6  0,0   0:27.10      0      0 kworker/3:1
   43 root      20   0       0      0      0 R  97,9  0,0  15:42.48      0      0 kswapd0
11315 mgvvst    20   0 1299072 734492   1040 R  97,9 35,9   1:38.21 547984 1,223g bash
11316 mgvvst    20   0 1290860 720368   1080 R  97,9 35,2   1:38.23 553696 1,215g bash
  173 root       0 -20       0      0      0 S   5,8  0,0   0:09.15      0      0 kworker/3:1H
 1361 mgvvst    20   0  184200      0      0 S   5,8  0,0   2:47.62    460    460 VBoxClient
11315 mgvvst    20   0 1314932 726836   1040 R 100,0 35,5   1:39.80 571480 1,238g bash
11316 mgvvst    20   0 1305256 712340   1080 R 100,0 34,8   1:39.92 576244 1,229g bash
   43 root      20   0       0      0      0 R  95,3  0,0  15:44.46      0      0 kswapd0
12796 mgvvst    20   0   30400   3016   2584 R  11,9  0,1   0:00.03      0   3016 top
12799 mgvvst    20   0   30244   3016   2584 S   6,0  0,1   0:00.01      0   3016 top
   43 root      20   0       0      0      0 R  84,5  0,0  15:46.56      0      0 kswapd0
11315 mgvvst    20   0 1334644 734376   1040 R  67,6 35,9   1:41.94 583476 1,257g bash
11316 mgvvst    20   0 1326224 721848   1080 R  54,9 35,2   1:41.88 587592 1,249g bash
  276 root       0 -20       0      0      0 S   8,5  0,0   0:10.20      0      0 kworker/1:1H
12835 mgvvst    20   0   30244   2956   2524 S   8,5  0,1   0:00.02      0   2956 top
   43 root      20   0       0      0      0 R  92,2  0,0  15:48.81      0      0 kswapd0
11316 mgvvst    20   0 1341136 720176   1080 R  86,7 35,2   1:44.01 604312 1,263g bash
11315 mgvvst    20   0 1350960 733164   1040 R  70,5 35,8   1:43.99 601056 1,272g bash
 2007 mgvvst    20   0 1769708 194076   7740 S  32,5  9,5  67:53.44 163756 357832 compiz
 1100 root      20   0  480648  98660  19296 S  21,7  4,8  22:04.10  74024 172684 Xorg
   43 root      20   0       0      0      0 R  96,4  0,0  15:50.94      0      0 kswapd0
11315 mgvvst    20   0 1368348 733252   1040 R  96,4 35,8   1:46.05 618392 1,289g bash
11316 mgvvst    20   0 1357232 718452   1080 R  96,4 35,1   1:45.91 622140 1,278g bash
12904 mgvvst    20   0   30400   3184   2752 R  11,3  0,2   0:00.03      0   3184 top
12907 mgvvst    20   0   30244   3116   2684 S   5,7  0,2   0:00.01      0   3116 top
11315 mgvvst    20   0 1387760 730040   1040 R  97,4 35,6   1:48.30 640876 1,307g bash
   43 root      20   0       0      0      0 R  86,6  0,0  15:53.16      0      0 kswapd0
11316 mgvvst    20   0 1376360 716376   1080 D  81,2 35,0   1:47.92 643224 1,297g bash
12937 mgvvst    20   0   30400   3020   2584 R  16,2  0,1   0:00.05      0   3020 top
12940 mgvvst    20   0   30244   2956   2524 S  10,8  0,1   0:00.02      0   2956 top
   43 root      20   0       0      0      0 R  93,8  0,0  15:55.61      0      0 kswapd0
11315 mgvvst    20   0 1410432 739704   1040 R  83,4 36,1   1:50.54 653916 1,329g bash
11316 mgvvst    20   0 1396296 724300   1080 R  83,4 35,4   1:50.07 655364 1,316g bash
12973 mgvvst    20   0   30400   3016   2584 R  15,6  0,1   0:00.04      0   3016 top
    7 root      20   0       0      0      0 S  10,4  0,0   1:15.16      0      0 rcu_sched
11315 mgvvst    20   0 1431828 747848   1040 R  96,5 36,5   1:52.64 667156 1,349g bash
   43 root      20   0       0      0      0 R  91,2  0,0  15:57.72      0      0 kswapd0
11316 mgvvst    20   0 1415520 729848   1080 R  91,2 35,6   1:52.07 669088 1,334g bash
13009 mgvvst    20   0   30400   3120   2684 R  10,7  0,2   0:00.04      0   3120 top
13012 mgvvst    20   0   30400   2960   2524 R  10,7  0,1   0:00.03      0   2960 top
11316 mgvvst    20   0 1432120 722912   1080 R  80,5 35,3   1:54.05 692392 1,350g bash
   43 root      20   0       0      0      0 R  70,4  0,0  16:00.00      0      0 kswapd0
11315 mgvvst    20   0 1446336 739712   1040 R  55,3 36,1   1:54.65 689812 1,363g bash
 2007 mgvvst    20   0 1769708 168844   6176 S  30,2  8,2  67:57.23 187424 356268 compiz
  730 root       0 -20       0      0      0 S  25,2  0,0   0:10.72      0      0 kworker/2:1H
   43 root      20   0       0      0      0 R  88,1  0,0  16:02.07      0      0 kswapd0
11315 mgvvst    20   0 1467736 747744   1040 R  88,1 36,5   1:56.73 703164 1,384g bash
11316 mgvvst    20   0 1451260 728692   1080 R  76,4 35,6   1:55.92 705884 1,368g bash
 1100 root      20   0  480648  96440  19284 S  35,3  4,7  22:06.43  76232 172672 Xorg
 2007 mgvvst    20   0 1769708 168212   5864 S  29,4  8,2  67:57.82 187744 355956 compiz
   43 root      20   0       0      0      0 R  74,5  0,0  16:03.75      0      0 kswapd0
11316 mgvvst    20   0 1480252 752652   1080 R  74,5 36,8   1:58.32 710964 1,396g bash
11315 mgvvst    20   0 1498696 774104   1040 R  63,8 37,8   1:59.10 707956 1,413g bash
 2007 mgvvst    20   0 1769708 155008   5288 S  47,9  7,6  67:58.52 200380 355388 compiz
  173 root       0 -20       0      0      0 S  21,3  0,0   0:09.53      0      0 kworker/3:1H
11315 mgvvst    20   0 1527980 799944   1040 R  92,0 39,1   2:01.28 711420 1,441g bash
11316 mgvvst    20   0 1505052 774676   1080 R  86,6 37,8   2:00.46 713756 1,419g bash
 2007 mgvvst    20   0 1769708 148244   9052 R  32,5  7,2  67:59.44 210900 359144 compiz
13156 mgvvst    20   0   30400   3188   2752 R  10,8  0,2   0:00.02      0   3188 top
   23 root      20   0       0      0      0 S   5,4  0,0   0:59.75      0      0 ksoftirqd/3
11315 mgvvst    20   0 1551488 816468   1040 R  97,8 39,9   2:03.21 718392 1,464g bash
11316 mgvvst    20   0 1526624 789016   1080 R  93,2 38,5   2:02.30 720800 1,440g bash
   43 root      20   0       0      0      0 R  79,2  0,0  16:06.71      0      0 kswapd0
 2007 mgvvst    20   0 1769708 142924   9696 S  32,6  7,0  68:00.25 216864 359788 compiz
  173 root       0 -20       0      0      0 S  27,9  0,0   0:09.63      0      0 kworker/3:1H
 1457 mgvvst    20   0  824256   1824   1032 D  33,1  0,1   0:14.03   6060   7884 unity-settings-
 1706 mgvvst    20   0  457672   1616   1236 D  28,3  0,1   0:02.39   3328   4944 indicator-print
 1916 mgvvst    20   0  430528   1736    948 D  23,6  0,1   0:04.04   4364   6100 notify-osd
11215 mgvvst    20   0 1275164  10508   4628 R  18,9  0,5   0:29.55   7992  18500 nautilus
13231 mgvvst    20   0   30400   3024   2588 R  18,9  0,1   0:00.14      0   3024 top
