 4903 mgvvst    20   0   84612  69852   3032 R  97,7  3,4   0:01.13 bash
   41 root      20   0       0      0      0 S   4,1  0,0   0:09.08 kworker/0:1
 2007 mgvvst    20   0 1737300 253644  42816 R   4,1 12,4  12:28.32 compiz
 2042 mgvvst    20   0  996652  50884  39016 S   4,1  2,5   0:20.70 nautilus
    1 root      20   0   33936   1356    472 S   0,0  0,1   0:02.68 init
 4903 mgvvst    20   0  191820 177028   3032 R  97,2  8,6   0:03.03 bash
 2007 mgvvst    20   0 1737300 253644  42816 R  77,7 12,4  12:28.86 compiz
 1100 root      20   0  495772  81612  22452 S  45,4  4,0   5:57.80 Xorg
    7 root      20   0       0      0      0 S   6,5  0,0   0:22.75 rcu_sched
    1 root      20   0   33936   1356    472 S   0,0  0,1   0:02.68 init
 4903 mgvvst    20   0  292480 277876   3032 R  96,4 13,6   0:04.87 bash
 2007 mgvvst    20   0 1737300 253644  42816 S  32,1 12,4  12:29.96 compiz
 1100 root      20   0  495772  81612  22452 S  25,7  4,0   5:58.37 Xorg
    1 root      20   0   33936   1356    472 S   0,0  0,1   0:02.68 init
    2 root      20   0       0      0      0 S   0,0  0,0   0:00.06 kthreadd
 4903 mgvvst    20   0  396608 381892   3032 R  96,2 18,6   0:06.73 bash
 1100 root      20   0  495772  81612  22452 S   5,1  4,0   5:58.87 Xorg
 2042 mgvvst    20   0  996652  50884  38996 R   5,1  2,5   0:20.84 nautilus
    1 root      20   0   33936   1356    472 S   0,0  0,1   0:02.68 init
    2 root      20   0       0      0      0 S   0,0  0,0   0:00.06 kthreadd
 4903 mgvvst    20   0  497696 483004   3032 R 100,0 23,6   0:08.55 bash
 2007 mgvvst    20   0 1737300 253644  42816 S  52,3 12,4  12:31.15 compiz
 1100 root      20   0  495772  81612  22452 S  26,1  4,0   5:59.33 Xorg
    7 root      20   0       0      0      0 S   6,5  0,0   0:22.82 rcu_sched
 4832 mgvvst    20   0  729976  40392  29464 S   6,5  2,0   0:21.03 gedit
 4903 mgvvst    20   0  598728 584116   3032 R 100,0 28,5   0:10.37 bash
 1100 root      20   0  502772  88680  22460 S  71,4  4,3   5:59.97 Xorg
 2007 mgvvst    20   0 1737300 253644  42816 R  58,4 12,4  12:31.85 compiz
 4832 mgvvst    20   0  729976  40392  29464 R  45,4  2,0   0:21.32 gedit
 1438 mgvvst    20   0  559424   9260   7380 R   6,5  0,5   0:05.99 bamfdaemon
 4903 mgvvst    20   0  699092 684436   3032 R 100,0 33,4   0:12.19 bash
 1100 root      20   0  502772  88680  22460 S  51,6  4,3   6:00.75 Xorg
 2007 mgvvst    20   0 1737300 253644  42816 S  45,2 12,4  12:32.94 compiz
 4832 mgvvst    20   0  729976  40392  29464 S  19,4  2,0   0:21.68 gedit
    1 root      20   0   33936   1356    472 S   0,0  0,1   0:02.68 init
 4903 mgvvst    20   0  796180 781324   3032 R  95,8 38,2   0:14.02 bash
 2007 mgvvst    20   0 1737300 253644  42816 S  89,4 12,4  12:33.95 compiz
 1100 root      20   0  502772  88680  22460 S  57,5  4,3   6:01.48 Xorg
 4832 mgvvst    20   0  729976  40392  29464 R  25,5  2,0   0:22.04 gedit
 1438 mgvvst    20   0  559424   9260   7380 S  12,8  0,5   0:06.10 bamfdaemon
 4903 mgvvst    20   0  895856 881116   3032 R  94,4 43,0   0:15.84 bash
 2007 mgvvst    20   0 1737300 253644  42816 S  62,9 12,4  12:34.89 compiz
 1100 root      20   0  502772  88680  22460 R  37,7  4,3   6:02.25 Xorg
 4832 mgvvst    20   0  729976  40596  29628 S  18,9  2,0   0:22.37 gedit
    7 root      20   0       0      0      0 S   6,3  0,0   0:22.92 rcu_sched
 4903 mgvvst    20   0  998528 983812   3032 R  96,9 48,0   0:17.71 bash
 2007 mgvvst    20   0 1737300 253644  42816 S  32,3 12,4  12:35.78 compiz
 1100 root      20   0  502772  88944  22676 S  19,4  4,3   6:02.84 Xorg
    1 root      20   0   33936   1356    472 S   0,0  0,1   0:02.68 init
    2 root      20   0       0      0      0 S   0,0  0,0   0:00.06 kthreadd
 4903 mgvvst    20   0 1107816 1,042g   3032 R 100,0 53,4   0:19.67 bash
 2007 mgvvst    20   0 1737300 253644  42816 R  45,8 12,4  12:36.44 compiz
 1100 root      20   0  502772  88944  22676 R  26,1  4,3   6:03.35 Xorg
 4832 mgvvst    20   0  729976  40868  29896 S  13,1  2,0   0:22.61 gedit
 1361 mgvvst    20   0  184200    776    704 S   6,5  0,0   0:40.59 VBoxClient
 2007 mgvvst    20   0 1737300 253644  42816 R 163,2 12,4  12:38.12 compiz
 4903 mgvvst    20   0 1222308 1,152g   3032 R 100,0 59,0   0:21.76 bash
 1100 root      20   0  502772  88944  22676 R  39,2  4,3   6:03.81 Xorg
    1 root      20   0   33936   1356    472 S   0,0  0,1   0:02.68 init
    2 root      20   0       0      0      0 S   0,0  0,0   0:00.06 kthreadd
 4903 mgvvst    20   0 1328696 1,253g   3032 R  97,6 64,2   0:23.65 bash
   43 root      20   0       0      0      0 S  13,0  0,0   6:30.64 kswapd0
 2042 mgvvst    20   0  996652  50852  38960 S   6,5  2,5   0:21.33 nautilus
 2336 mgvvst    20   0  670712  25092  13644 S   6,5  1,2   1:43.24 gnome-term+
    1 root      20   0   33936   1356    472 S   0,0  0,1   0:02.68 init
 4903 mgvvst    20   0 1435112 1,354g   2452 R  94,1 69,3   0:25.61 bash
    7 root      20   0       0      0      0 S   6,3  0,0   0:23.04 rcu_sched
   43 root      20   0       0      0      0 S   6,3  0,0   6:30.77 kswapd0
    1 root      20   0   33936   1100    216 S   0,0  0,1   0:02.68 init
    2 root      20   0       0      0      0 S   0,0  0,0   0:00.06 kthreadd
 4903 mgvvst    20   0 1551212 1,463g    952 R  99,3 74,9   0:27.88 bash
   43 root      20   0       0      0      0 R  24,8  0,0   6:31.27 kswapd0
    1 root      20   0   33936    884      0 S   0,0  0,0   0:02.68 init
    2 root      20   0       0      0      0 S   0,0  0,0   0:00.06 kthreadd
    3 root      20   0       0      0      0 S   0,0  0,0   0:00.20 ksoftirqd/0
   43 root      20   0       0      0      0 R  95,3  0,0   6:31.69 kswapd0
 4903 mgvvst    20   0 1643720 1,547g    952 R  95,3 79,2   0:29.77 bash
  276 root       0 -20       0      0      0 S   6,4  0,0   0:04.22 kworker/1:+
 2324 mgvvst    20   0  351488      0      0 S   6,4  0,0   0:01.39 unity-musi+
 4888 root      20   0       0      0      0 S   6,4  0,0   0:00.11 kworker/u8+
   43 root      20   0       0      0      0 R  91,7  0,0   6:33.17 kswapd0
 4903 mgvvst    20   0 1678332 1,546g    952 R  91,7 79,2   0:31.56 bash
    7 root      20   0       0      0      0 S   6,1  0,0   0:23.16 rcu_sched
 1100 root      20   0  502772  45916  18688 S   6,1  2,2   6:04.77 Xorg
 2007 mgvvst    20   0 1737300  94780   3884 R   6,1  4,6  12:39.36 compiz
 4903 mgvvst    20   0 1720792 1,549g    952 R  97,6 79,3   0:33.46 bash
   43 root      20   0       0      0      0 R  91,1  0,0   6:34.64 kswapd0
    7 root      20   0       0      0      0 S   6,5  0,0   0:23.20 rcu_sched
    1 root      20   0   33936    880      0 S   0,0  0,0   0:02.68 init
    2 root      20   0       0      0      0 S   0,0  0,0   0:00.06 kthreadd
   43 root      20   0       0      0      0 R 100,0  0,0   6:36.24 kswapd0
 4903 mgvvst    20   0 1756360 1,548g    952 R  94,8 79,3   0:35.29 bash
 1100 root      20   0  502772  48192  19428 R  31,6  2,4   6:05.27 Xorg
 4832 mgvvst    20   0  729976   8792   5760 R  31,6  0,4   0:23.08 gedit
 1438 mgvvst    20   0  559424   2200    608 S  12,6  0,1   0:06.17 bamfdaemon
   43 root      20   0       0      0      0 R  97,0  0,0   6:38.00 kswapd0
 4903 mgvvst    20   0 1777700 1,524g    952 R  90,5 78,0   0:37.05 bash
    7 root      20   0       0      0      0 S   6,5  0,0   0:23.30 rcu_sched
  730 root       0 -20       0      0      0 S   6,5  0,0   0:04.11 kworker/2:+
 1361 mgvvst    20   0  184200     64      0 S   6,5  0,0   0:40.74 VBoxClient
   43 root      20   0       0      0      0 R 100,0  0,0   6:39.40 kswapd0
 4903 mgvvst    20   0 1814888 1,525g    952 R 100,0 78,1   0:38.82 bash
  216 root       0 -20       0      0      0 S   6,5  0,0   0:05.11 kworker/0:+
    1 root      20   0   33936    880      0 S   0,0  0,0   0:02.68 init
    2 root      20   0       0      0      0 S   0,0  0,0   0:00.06 kthreadd
 4903 mgvvst    20   0 1859456 1,531g    952 R  97,7 78,4   0:40.56 bash
   43 root      20   0       0      0      0 R  26,1  0,0   6:40.64 kswapd0
    7 root      20   0       0      0      0 S   6,5  0,0   0:23.37 rcu_sched
  276 root       0 -20       0      0      0 S   6,5  0,0   0:04.34 kworker/1:+
    1 root      20   0   33936    880      0 S   0,0  0,0   0:02.68 init
   43 root      20   0       0      0      0 R  97,6  0,0   6:42.17 kswapd0
 4903 mgvvst    20   0 1891036 1,520g    952 R  97,6 77,8   0:42.32 bash
    7 root      20   0       0      0      0 S   6,5  0,0   0:23.42 rcu_sched
  276 root       0 -20       0      0      0 S   6,5  0,0   0:04.36 kworker/1:+
    1 root      20   0   33936    880      0 S   0,0  0,0   0:02.68 init
   43 root      20   0       0      0      0 R  95,4  0,0   6:43.71 kswapd0
 4903 mgvvst    20   0 1933752 1,523g    952 R  95,4 78,0   0:44.29 bash
 1361 mgvvst    20   0  184200     64      0 S   6,4  0,0   0:40.80 VBoxClient
    1 root      20   0   33936    880      0 S   0,0  0,0   0:02.68 init
    2 root      20   0       0      0      0 S   0,0  0,0   0:00.06 kthreadd
 4903 mgvvst    20   0 1973476 1,525g    952 R 100,0 78,1   0:46.10 bash
   43 root      20   0       0      0      0 R  91,0  0,0   6:45.06 kswapd0
 2007 mgvvst    20   0 1737300  95208   4556 S  19,5  4,6  12:40.83 compiz
 1100 root      20   0  502772  49312  19428 S  13,0  2,4   6:06.08 Xorg
 4867 root      20   0       0      0      0 S   6,5  0,0   0:00.37 kworker/u8+
   43 root      20   0       0      0      0 R  90,8  0,0   6:46.62 kswapd0
 4903 mgvvst    20   0 2004096 1,514g    952 R  90,8 77,5   0:47.84 bash
  216 root       0 -20       0      0      0 S   6,5  0,0   0:05.20 kworker/0:+
  276 root       0 -20       0      0      0 S   6,5  0,0   0:04.44 kworker/1:+
  730 root       0 -20       0      0      0 S   6,5  0,0   0:04.19 kworker/2:+
   43 root      20   0       0      0      0 R  93,7  0,0   6:48.05 kswapd0
 4903 mgvvst    20   0 2040696 1,509g    952 R  87,8 77,3   0:49.62 bash
  173 root       0 -20       0      0      0 S   5,9  0,0   0:03.62 kworker/3:+
  276 root       0 -20       0      0      0 S   5,9  0,0   0:04.46 kworker/1:+
 5393 mgvvst    20   0   30388   2824   2396 R   5,9  0,1   0:00.01 top
 4903 mgvvst    20   0 2085520 1,511g    952 R  98,0 77,4   0:51.50 bash
 2007 mgvvst    20   0 1737300  94572   4152 S  15,1  4,6  12:41.38 compiz
 1100 root      20   0  502772  48528  18704 S   7,5  2,4   6:06.54 Xorg
    7 root      20   0       0      0      0 S   3,8  0,0   0:23.65 rcu_sched
   43 root      20   0       0      0      0 S   3,8  0,0   6:49.39 kswapd0
 4903 mgvvst    20   0 2123656 1,517g    952 R  97,5 77,7   0:53.31 bash
   43 root      20   0       0      0      0 R  91,0  0,0   6:50.69 kswapd0
    7 root      20   0       0      0      0 S   6,5  0,0   0:23.69 rcu_sched
    1 root      20   0   33936    880      0 S   0,0  0,0   0:02.68 init
    2 root      20   0       0      0      0 S   0,0  0,0   0:00.06 kthreadd
   43 root      20   0       0      0      0 R  93,0  0,0   6:52.20 kswapd0
 4903 mgvvst    20   0 2158620 1,510g    952 D  93,0 77,3   0:55.12 bash
    7 root      20   0       0      0      0 R   5,8  0,0   0:23.74 rcu_sched
  276 root       0 -20       0      0      0 S   5,8  0,0   0:04.51 kworker/1:+
    1 root      20   0   33936    880      0 S   0,0  0,0   0:02.68 init
   43 root      20   0       0      0      0 R  89,5  0,0   6:53.48 kswapd0
 4903 mgvvst    20   0 2208656 1,524g    952 R  89,5 78,1   0:57.01 bash
  216 root       0 -20       0      0      0 S   6,4  0,0   0:05.27 kworker/0:+
  276 root       0 -20       0      0      0 S   6,4  0,0   0:04.53 kworker/1:+
    1 root      20   0   33936    880      0 S   0,0  0,0   0:02.68 init
 4903 mgvvst    20   0 2248636 1,527g    952 R 100,0 78,2   0:58.83 bash
   43 root      20   0       0      0      0 R   6,1  0,0   6:54.90 kswapd0
    1 root      20   0   33936    880      0 S   0,0  0,0   0:02.68 init
    2 root      20   0       0      0      0 S   0,0  0,0   0:00.06 kthreadd
    3 root      20   0       0      0      0 S   0,0  0,0   0:00.21 ksoftirqd/0
 4903 mgvvst    20   0 2284676 1,525g    952 R 100,0 78,1   1:00.59 bash
   43 root      20   0       0      0      0 S  19,4  0,0   6:56.32 kswapd0
  730 root       0 -20       0      0      0 S   6,5  0,0   0:04.31 kworker/2:+
 1100 root      20   0  502772  41360  18636 S   6,5  2,0   6:07.10 Xorg
 4880 mgvvst    20   0   30380    560    176 S   6,5  0,0   0:00.40 top
   43 root      20   0       0      0      0 R  96,2  0,0   6:57.72 kswapd0
 4903 mgvvst    20   0 2326080 1,529g    952 R  89,8 78,3   1:02.40 bash
    7 root      20   0       0      0      0 S   6,4  0,0   0:23.89 rcu_sched
   64 root      20   0       0      0      0 S   6,4  0,0   0:08.15 kworker/3:1
 4867 root      20   0       0      0      0 S   6,4  0,0   0:00.43 kworker/u8+
   43 root      20   0       0      0      0 R  96,5  0,0   6:59.29 kswapd0
 4903 mgvvst    20   0 2359144 1,527g    952 R  96,5 78,2   1:04.22 bash
 1100 root      20   0  502772  42072  19400 S  32,2  2,1   6:07.52 Xorg
 4832 mgvvst    20   0  729976  10164   6520 D  32,2  0,5   0:23.26 gedit
 2336 mgvvst    20   0  670712  12160   3924 S  25,7  0,6   1:43.85 gnome-term+
   43 root      20   0       0      0      0 R  96,5  0,0   7:01.12 kswapd0
 4903 mgvvst    20   0 2378940 1,513g    952 R  96,5 77,5   1:06.04 bash
 2007 mgvvst    20   0 1737300 101292   3652 R  38,6  4,9  12:43.15 compiz
    1 root      20   0   33936    880      0 S   0,0  0,0   0:02.68 init
    2 root      20   0       0      0      0 S   0,0  0,0   0:00.06 kthreadd
 4903 mgvvst    20   0 2412140 1,505g    952 R  97,6 77,1   1:07.86 bash
   43 root      20   0       0      0      0 R  91,1  0,0   7:02.62 kswapd0
   41 root      20   0       0      0      0 S   6,5  0,0   0:09.30 kworker/0:1
  173 root       0 -20       0      0      0 S   6,5  0,0   0:03.71 kworker/3:+
  276 root       0 -20       0      0      0 S   6,5  0,0   0:04.62 kworker/1:+
 4903 mgvvst    20   0 2458016 1,508g    952 R  98,0 77,2   1:09.60 bash
   43 root      20   0       0      0      0 R  84,9  0,0   7:03.81 kswapd0
    7 root      20   0       0      0      0 S   6,5  0,0   0:24.08 rcu_sched
    1 root      20   0   33936    880      0 S   0,0  0,0   0:02.68 init
    2 root      20   0       0      0      0 S   0,0  0,0   0:00.06 kthreadd
   43 root      20   0       0      0      0 R  97,4  0,0   7:05.36 kswapd0
 4903 mgvvst    20   0 2489280 1,499g    952 R  97,4 76,7   1:11.37 bash
    1 root      20   0   33936    880      0 S   0,0  0,0   0:02.68 init
    2 root      20   0       0      0      0 S   0,0  0,0   0:00.06 kthreadd
    3 root      20   0       0      0      0 S   0,0  0,0   0:00.22 ksoftirqd/0
   43 root      20   0       0      0      0 R  97,9  0,0   7:06.99 kswapd0
 4903 mgvvst    20   0 2522368 1,497g    952 R  91,4 76,7   1:13.19 bash
    7 root      20   0       0      0      0 S   6,5  0,0   0:24.17 rcu_sched
  276 root       0 -20       0      0      0 S   6,5  0,0   0:04.67 kworker/1:+
    1 root      20   0   33936    880      0 S   0,0  0,0   0:02.68 init
 4903 mgvvst    20   0 2557688 1,492g    952 R  99,6 76,4   1:15.02 bash
 1361 mgvvst    20   0  184200     64      0 S   5,5  0,0   0:41.05 VBoxClient
    1 root      20   0   33936    880      0 S   0,0  0,0   0:02.68 init
    2 root      20   0       0      0      0 S   0,0  0,0   0:00.06 kthreadd
    3 root      20   0       0      0      0 S   0,0  0,0   0:00.22 ksoftirqd/0
   43 root      20   0       0      0      0 R  96,4  0,0   7:10.03 kswapd0
 4903 mgvvst    20   0 2589940 1,484g    952 R  96,4 76,0   1:16.81 bash
   12 root      rt   0       0      0      0 S   6,4  0,0   0:00.13 migration/1
  216 root       0 -20       0      0      0 S   6,4  0,0   0:05.50 kworker/0:+
    1 root      20   0   33936    880      0 S   0,0  0,0   0:02.68 init
   43 root      20   0       0      0      0 R  98,6  0,0   7:11.40 kswapd0
 4903 mgvvst    20   0 2630020 1,488g    952 R  98,6 76,2   1:18.56 bash
  730 root       0 -20       0      0      0 S   6,2  0,0   0:04.44 kworker/2:+
 1100 root      20   0  502772  50944  18980 S   6,2  2,5   6:08.80 Xorg
 5684 mgvvst    20   0   30388   2944   2516 R   6,2  0,1   0:00.01 top
 4903 mgvvst    20   0 2677448 1,498g    952 R 100,0 76,7   1:20.40 bash
   43 root      20   0       0      0      0 R  98,2  0,0   7:12.68 kswapd0
    1 root      20   0   33936    880      0 S   0,0  0,0   0:02.68 init
    2 root      20   0       0      0      0 S   0,0  0,0   0:00.06 kthreadd
    3 root      20   0       0      0      0 S   0,0  0,0   0:00.22 ksoftirqd/0
   43 root      20   0       0      0      0 R  98,1  0,0   7:14.29 kswapd0
 4903 mgvvst    20   0 2709972 1,492g    952 R  92,0 76,4   1:22.22 bash
  216 root       0 -20       0      0      0 S   6,1  0,0   0:05.55 kworker/0:+
 1100 root      20   0  502772  50648  18684 S   6,1  2,5   6:09.10 Xorg
    1 root      20   0   33936    880      0 S   0,0  0,0   0:02.68 init
   43 root      20   0       0      0      0 R  94,8  0,0   7:15.81 kswapd0
 4903 mgvvst    20   0 2743544 1,490g    952 R  88,5 76,3   1:24.00 bash
 2007 mgvvst    20   0 1737300 107828   8864 S  37,9  5,3  12:45.27 compiz
 1100 root      20   0  502772  50620  18656 S  25,3  2,5   6:09.42 Xorg
    7 root      20   0       0      0      0 S   6,3  0,0   0:24.41 rcu_sched
   43 root      20   0       0      0      0 R  97,2  0,0   7:17.12 kswapd0
 4903 mgvvst    20   0 2791920 1,503g    952 R  97,2 76,9   1:25.89 bash
    7 root      20   0       0      0      0 S   6,5  0,0   0:24.44 rcu_sched
  216 root       0 -20       0      0      0 S   6,5  0,0   0:05.58 kworker/0:+
  276 root       0 -20       0      0      0 S   6,5  0,0   0:04.75 kworker/1:+
   43 root      20   0       0      0      0 R  95,4  0,0   7:18.65 kswapd0
 4903 mgvvst    20   0 2832376 1,503g    952 R  95,4 77,0   1:27.83 bash
    1 root      20   0   33936    880      0 S   0,0  0,0   0:02.68 init
    2 root      20   0       0      0      0 S   0,0  0,0   0:00.06 kthreadd
    3 root      20   0       0      0      0 S   0,0  0,0   0:00.22 ksoftirqd/0
   43 root      20   0       0      0      0 R  97,5  0,0   7:20.23 kswapd0
 4903 mgvvst    20   0 2868932 1,498g    952 R  97,5 76,7   1:29.69 bash
   64 root      20   0       0      0      0 S   6,5  0,0   0:08.23 kworker/3:1
 1361 mgvvst    20   0  184200     64      0 S   6,5  0,0   0:41.16 VBoxClient
    1 root      20   0   33936    880      0 S   0,0  0,0   0:02.68 init
   43 root      20   0       0      0      0 R  96,7  0,0   7:21.58 kswapd0
 4903 mgvvst    20   0 2909548 1,504g    952 R  96,7 77,0   1:31.48 bash
  173 root       0 -20       0      0      0 S   6,4  0,0   0:03.82 kworker/3:+
  730 root       0 -20       0      0      0 S   6,4  0,0   0:04.54 kworker/2:+
    1 root      20   0   33936    880      0 S   0,0  0,0   0:02.68 init
 4903 mgvvst    20   0 2955680 1,524g    952 R 100,0 78,0   1:33.27 bash
   23 root      20   0       0      0      0 R  52,3  0,0   0:19.98 ksoftirqd/3
   43 root      20   0       0      0      0 D  52,3  0,0   7:23.12 kswapd0
    1 root      20   0   33936    880      0 S   0,0  0,0   0:02.68 init
    2 root      20   0       0      0      0 S   0,0  0,0   0:00.06 kthreadd
   43 root      20   0       0      0      0 R  90,5  0,0   7:24.52 kswapd0
 4903 mgvvst    20   0 2994848 1,534g    952 R  84,0 78,5   1:35.01 bash
   23 root      20   0       0      0      0 S   6,5  0,0   0:20.27 ksoftirqd/3
  216 root       0 -20       0      0      0 S   6,5  0,0   0:05.70 kworker/0:+
  276 root       0 -20       0      0      0 S   6,5  0,0   0:04.84 kworker/1:+
   43 root      20   0       0      0      0 R  90,1  0,0   7:25.96 kswapd0
 4903 mgvvst    20   0 3033648 1,539g    952 R  90,1 78,8   1:36.74 bash
    7 root      20   0       0      0      0 S   6,4  0,0   0:24.72 rcu_sched
  276 root       0 -20       0      0      0 S   6,4  0,0   0:04.89 kworker/1:+
 1787 rtkit     21   1  168928      0      0 S   6,4  0,0   0:00.55 rtkit-daem+
 4903 mgvvst    20   0 3069056 1,542g    952 R  90,6 78,9   1:38.54 bash
   43 root      20   0       0      0      0 S  77,7  0,0   7:27.62 kswapd0
 2007 mgvvst    20   0 1737300  83332   4432 S  25,9  4,1  12:46.63 compiz
 1100 root      20   0  502772  44804  18260 S  12,9  2,2   6:10.33 Xorg
    7 root      20   0       0      0      0 S   6,5  0,0   0:24.79 rcu_sched
   43 root      20   0       0      0      0 R  91,6  0,0   7:28.90 kswapd0
 4903 mgvvst    20   0 3123320 1,571g    952 R  91,6 80,4   1:40.37 bash
    7 root      20   0       0      0      0 S   6,5  0,0   0:24.85 rcu_sched
  216 root       0 -20       0      0      0 S   6,5  0,0   0:05.84 kworker/0:+
    1 root      20   0   33936    880      0 S   0,0  0,0   0:02.68 init
   43 root      20   0       0      0      0 R  89,7  0,0   7:29.80 kswapd0
 4903 mgvvst    20   0 3193856 1,625g    952 R  83,3 83,2   1:42.19 bash
  173 root       0 -20       0      0      0 S   6,4  0,0   0:04.08 kworker/3:+
  276 root       0 -20       0      0      0 S   6,4  0,0   0:04.97 kworker/1:+
  730 root       0 -20       0      0      0 S   6,4  0,0   0:04.71 kworker/2:+
    1 root      20   0   33936      0      0 S   0,0  0,0   0:02.68 init
    2 root      20   0       0      0      0 S   0,0  0,0   0:00.06 kthreadd
    3 root      20   0       0      0      0 S   0,0  0,0   0:00.22 ksoftirqd/0
    4 root      20   0       0      0      0 S   0,0  0,0   0:00.00 kworker/0:0
    5 root       0 -20       0      0      0 S   0,0  0,0   0:00.00 kworker/0:+
