 6037 mgvvst    20   0   46368  31568   3024 R 100,0  1,5   0:01.01 bash
 1100 root      20   0  517944  57968   5252 R  56,3  2,8   7:47.36 Xorg
 2336 mgvvst    20   0  671240  19840  11608 S  37,5  1,0   2:01.64 gnome-terminal
 6055 mgvvst    20   0   30388   3040   2612 R   6,3  0,1   0:00.01 top
    1 root      20   0   33936      0      0 S   0,0  0,0   0:02.68 init
 6037 mgvvst    20   0  103936  89112   3024 R 100,0  4,4   0:02.97 bash
 2336 mgvvst    20   0  671240  19840  11608 S   4,6  1,0   2:01.81 gnome-terminal
 6077 mgvvst    20   0   30388   3092   2668 R   4,6  0,2   0:00.01 top
    1 root      20   0   33936      0      0 S   0,0  0,0   0:02.68 init
    2 root      20   0       0      0      0 S   0,0  0,0   0:00.06 kthreadd
 6037 mgvvst    20   0  158932 144288   3024 R 100,0  7,0   0:04.89 bash
 2007 mgvvst    20   0 1777828 204336  31900 S   5,4 10,0  19:21.66 compiz
    1 root      20   0   33936      0      0 S   0,0  0,0   0:02.68 init
    2 root      20   0       0      0      0 S   0,0  0,0   0:00.06 kthreadd
    3 root      20   0       0      0      0 S   0,0  0,0   0:00.32 ksoftirqd/0
 6037 mgvvst    20   0  214760 199992   3024 R  95,8  9,8   0:06.78 bash
 2007 mgvvst    20   0 1777828 204336  31900 S  38,3 10,0  19:22.08 compiz
 1100 root      20   0  517944  57968   5252 S  25,5  2,8   7:48.33 Xorg
    1 root      20   0   33936      0      0 S   0,0  0,0   0:02.68 init
    2 root      20   0       0      0      0 S   0,0  0,0   0:00.06 kthreadd
 6037 mgvvst    20   0  270432 255696   3024 R 100,0 12,5   0:08.66 bash
   22 root      rt   0       0      0      0 S   6,5  0,0   0:00.34 migration/3
 1100 root      20   0  517944  57968   5252 S   6,5  2,8   7:49.01 Xorg
 2007 mgvvst    20   0 1777828 204336  31900 S   6,5 10,0  19:22.84 compiz
 4832 mgvvst    20   0  729976  24604  15552 S   6,5  1,2   0:35.48 gedit
 6037 mgvvst    20   0  354188 339384   3024 R  96,2 16,6   0:10.48 bash
    1 root      20   0   33936      0      0 S   0,0  0,0   0:02.68 init
    2 root      20   0       0      0      0 S   0,0  0,0   0:00.06 kthreadd
    3 root      20   0       0      0      0 S   0,0  0,0   0:00.32 ksoftirqd/0
    4 root      20   0       0      0      0 S   0,0  0,0   0:00.00 kworker/0:0
 6037 mgvvst    20   0  458920 444192   3024 R 100,0 21,7   0:12.52 bash
 2007 mgvvst    20   0 1777828 204336  31900 S  26,6 10,0  19:23.76 compiz
 1100 root      20   0  517944  57968   5252 S  21,2  2,8   7:49.70 Xorg
    1 root      20   0   33936      0      0 S   0,0  0,0   0:02.68 init
    2 root      20   0       0      0      0 S   0,0  0,0   0:00.06 kthreadd
 6037 mgvvst    20   0  567296 552432   3024 R 100,0 27,0   0:14.55 bash
   23 root      20   0       0      0      0 S   6,2  0,0   0:25.10 ksoftirqd/3
    1 root      20   0   33936      0      0 S   0,0  0,0   0:02.68 init
    2 root      20   0       0      0      0 S   0,0  0,0   0:00.06 kthreadd
    3 root      20   0       0      0      0 S   0,0  0,0   0:00.32 ksoftirqd/0
 6037 mgvvst    20   0  680332 665688   3024 R 100,0 32,5   0:16.69 bash
   41 root      20   0       0      0      0 S   5,8  0,0   0:13.72 kworker/0:1
    1 root      20   0   33936      0      0 S   0,0  0,0   0:02.68 init
    2 root      20   0       0      0      0 S   0,0  0,0   0:00.06 kthreadd
    3 root      20   0       0      0      0 S   0,0  0,0   0:00.32 ksoftirqd/0
 6037 mgvvst    20   0  784692 769968   3024 R  94,5 37,6   0:18.76 bash
 2007 mgvvst    20   0 1777828 204336  31900 R  18,9 10,0  19:24.61 compiz
 1100 root      20   0  517944  57968   5252 R   6,3  2,8   7:50.23 Xorg
 1460 mgvvst    20   0  653168  13980   7892 S   6,3  0,7   0:04.25 hud-service
 2042 mgvvst    20   0 1070736  21036  12616 S   6,3  1,0   0:35.18 nautilus
 6037 mgvvst    20   0  891492 876624   3024 R 100,0 42,8   0:20.77 bash
    1 root      20   0   33936      0      0 S   0,0  0,0   0:02.68 init
    2 root      20   0       0      0      0 S   0,0  0,0   0:00.06 kthreadd
    3 root      20   0       0      0      0 S   0,0  0,0   0:00.32 ksoftirqd/0
    4 root      20   0       0      0      0 S   0,0  0,0   0:00.00 kworker/0:0
 6037 mgvvst    20   0 1001756 986976   3024 R  97,7 48,2   0:22.86 bash
 4832 mgvvst    20   0  729976  24604  15552 S  32,6  1,2   0:35.95 gedit
 1100 root      20   0  517944  57968   5252 R  19,5  2,8   7:50.49 Xorg
    1 root      20   0   33936      0      0 S   0,0  0,0   0:02.68 init
    2 root      20   0       0      0      0 S   0,0  0,0   0:00.06 kthreadd
 2007 mgvvst    20   0 1777828 204336  31900 R 104,7 10,0  19:25.92 compiz
 6037 mgvvst    20   0 1093900 1,029g   3024 R  98,2 52,7   0:24.69 bash
 1100 root      20   0  517944  57968   5252 R  45,8  2,8   7:50.97 Xorg
 1471 mgvvst    20   0  580332  12128   7708 S   6,5  0,6   0:07.31 unity-panel-ser
 2042 mgvvst    20   0 1070736  21036  12616 S   6,5  1,0   0:35.29 nautilus
 6037 mgvvst    20   0 1192924 1,124g   3024 R  99,7 57,5   0:26.55 bash
    1 root      20   0   33936      0      0 S   0,0  0,0   0:02.68 init
    2 root      20   0       0      0      0 S   0,0  0,0   0:00.06 kthreadd
    3 root      20   0       0      0      0 S   0,0  0,0   0:00.32 ksoftirqd/0
    4 root      20   0       0      0      0 S   0,0  0,0   0:00.00 kworker/0:0
 6037 mgvvst    20   0 1302616 1,228g   3024 R 100,0 62,9   0:28.60 bash
 1361 mgvvst    20   0  184200      0      0 S   3,5  0,0   1:05.84 VBoxClient
    1 root      20   0   33936      0      0 S   0,0  0,0   0:02.68 init
    2 root      20   0       0      0      0 S   0,0  0,0   0:00.06 kthreadd
    3 root      20   0       0      0      0 S   0,0  0,0   0:00.32 ksoftirqd/0
 6037 mgvvst    20   0 1411996 1,333g   3024 R 100,0 68,2   0:30.63 bash
 2007 mgvvst    20   0 1777828 204336  31900 S  25,8 10,0  19:26.72 compiz
 1100 root      20   0  517944  57968   5252 S  12,9  2,8   7:51.46 Xorg
    7 root      20   0       0      0      0 S   6,4  0,0   0:31.80 rcu_sched
 1460 mgvvst    20   0  653300  14220   7892 S   6,4  0,7   0:04.30 hud-service
 6037 mgvvst    20   0 1515920 1,432g   3024 R 100,0 73,3   0:32.62 bash
 2007 mgvvst    20   0 1777828 188740  16304 S  25,8  9,2  19:26.96 compiz
  579 message+  20   0   40168   2280   1368 S  19,4  0,1   0:07.20 dbus-daemon
 1100 root      20   0  517944  56564   3620 S  12,9  2,8   7:51.59 Xorg
 1889 root      20   0  305936      0      0 S   6,5  0,0   0:07.99 VBoxService
 6037 mgvvst    20   0 1592796 1,479g    868 R  97,4 75,7   0:34.96 bash
   43 root      20   0       0      0      0 R  26,0  0,0   8:47.02 kswapd0
 2007 mgvvst    20   0 1777828 170924   5944 S  26,0  8,3  19:27.33 compiz
 1100 root      20   0  517944  52264   3276 S  19,5  2,6   7:51.88 Xorg
 1361 mgvvst    20   0  184200      0      0 S   6,5  0,0   1:05.88 VBoxClient
   43 root      20   0       0      0      0 R  96,9  0,0   8:48.58 kswapd0
 6037 mgvvst    20   0 1626572 1,473g    868 R  96,9 75,4   0:36.82 bash
 2007 mgvvst    20   0 1777828 169728   4720 S  32,3  8,3  19:27.56 compiz
 1100 root      20   0  517944  51772   2784 S  19,4  2,5   7:52.02 Xorg
  276 root       0 -20       0      0      0 S   6,5  0,0   0:05.83 kworker/1:1H
 6037 mgvvst    20   0 1658632 1,464g    868 R  94,3 75,0   0:38.63 bash
   43 root      20   0       0      0      0 S  44,0  0,0   8:50.08 kswapd0
 2007 mgvvst    20   0 1777828 168616   3608 S  25,2  8,2  19:27.82 compiz
 1100 root      20   0  517944  51728   2740 S  18,9  2,5   7:52.18 Xorg
    1 root      20   0   33936      0      0 S   0,0  0,0   0:02.68 init
 6037 mgvvst    20   0 1698912 1,463g    868 R  97,3 74,9   0:40.59 bash
   43 root      20   0       0      0      0 R  90,9  0,0   8:51.61 kswapd0
 2007 mgvvst    20   0 1777828 168524   3516 S  19,5  8,2  19:28.10 compiz
  216 root       0 -20       0      0      0 S   6,5  0,0   0:06.96 kworker/0:1H
 1100 root      20   0  517944  51728   2740 S   6,5  2,5   7:52.35 Xorg
 6037 mgvvst    20   0 1738000 1,462g    868 R 100,0 74,9   0:42.48 bash
   43 root      20   0       0      0      0 R  38,9  0,0   8:53.06 kswapd0
    7 root      20   0       0      0      0 S   5,6  0,0   0:31.97 rcu_sched
  579 message+  20   0   40168   1104    192 S   5,6  0,1   0:07.22 dbus-daemon
 4832 mgvvst    20   0  729976  10860   1984 S   5,6  0,5   0:36.12 gedit
 6037 mgvvst    20   0 1779900 1,462g    868 R 100,0 74,9   0:44.46 bash
   43 root      20   0       0      0      0 R  96,0  0,0   8:54.56 kswapd0
  173 root       0 -20       0      0      0 S   6,4  0,0   0:04.82 kworker/3:1H
  216 root       0 -20       0      0      0 S   6,4  0,0   0:07.00 kworker/0:1H
    1 root      20   0   33936      0      0 S   0,0  0,0   0:02.68 init
 6037 mgvvst    20   0 1820552 1,454g    868 R  96,0 74,5   0:46.31 bash
   41 root      20   0       0      0      0 S   5,1  0,0   0:13.80 kworker/0:1
    1 root      20   0   33936      0      0 S   0,0  0,0   0:02.68 init
    2 root      20   0       0      0      0 S   0,0  0,0   0:00.06 kthreadd
    3 root      20   0       0      0      0 S   0,0  0,0   0:00.32 ksoftirqd/0
   43 root      20   0       0      0      0 R  97,4  0,0   8:57.31 kswapd0
 6037 mgvvst    20   0 1864644 1,463g    868 R  90,9 74,9   0:48.21 bash
 2007 mgvvst    20   0 1777828 170196   4988 R  45,5  8,3  19:29.27 compiz
 1100 root      20   0  517944  54200   2444 S  19,5  2,6   7:53.11 Xorg
 1471 mgvvst    20   0  580332   7376   2948 S   6,5  0,4   0:07.42 unity-panel-ser
   43 root      20   0       0      0      0 R  90,9  0,0   8:59.06 kswapd0
 6037 mgvvst    20   0 1884224 1,436g    868 D  90,9 73,5   0:49.98 bash
 2007 mgvvst    20   0 1777828 178644   9480 S  39,0  8,7  19:29.77 compiz
 1100 root      20   0  517944  54176   2420 S  32,5  2,6   7:53.35 Xorg
    7 root      20   0       0      0      0 S   6,5  0,0   0:32.11 rcu_sched
 6037 mgvvst    20   0 1926788 1,442g    868 R 100,0 73,8   0:51.80 bash
   43 root      20   0       0      0      0 R  95,7  0,0   9:00.37 kswapd0
 2042 mgvvst    20   0 1070736  13820   5512 R  12,8  0,7   0:36.03 nautilus
    1 root      20   0   33936      0      0 S   0,0  0,0   0:02.68 init
    2 root      20   0       0      0      0 S   0,0  0,0   0:00.06 kthreadd
 6037 mgvvst    20   0 1966100 1,445g    868 R  98,2 74,0   0:53.60 bash
    1 root      20   0   33936      0      0 S   0,0  0,0   0:02.68 init
    2 root      20   0       0      0      0 S   0,0  0,0   0:00.06 kthreadd
    3 root      20   0       0      0      0 S   0,0  0,0   0:00.32 ksoftirqd/0
    4 root      20   0       0      0      0 S   0,0  0,0   0:00.00 kworker/0:0
   43 root      20   0       0      0      0 R  93,0  0,0   9:03.26 kswapd0
 6037 mgvvst    20   0 1995960 1,432g    868 R  93,0 73,3   0:55.41 bash
   41 root      20   0       0      0      0 S   6,2  0,0   0:13.82 kworker/0:1
  173 root       0 -20       0      0      0 S   6,2  0,0   0:04.89 kworker/3:1H
  216 root       0 -20       0      0      0 S   6,2  0,0   0:07.08 kworker/0:1H
 6037 mgvvst    20   0 2044576 1,442g    868 R 100,0 73,8   0:57.22 bash
    1 root      20   0   33936      0      0 S   0,0  0,0   0:02.68 init
    2 root      20   0       0      0      0 S   0,0  0,0   0:00.06 kthreadd
    3 root      20   0       0      0      0 S   0,0  0,0   0:00.33 ksoftirqd/0
    4 root      20   0       0      0      0 S   0,0  0,0   0:00.00 kworker/0:0
 6037 mgvvst    20   0 2091116 1,447g    868 R  98,2 74,1   0:59.10 bash
   43 root      20   0       0      0      0 R  42,7  0,0   9:05.66 kswapd0
  173 root       0 -20       0      0      0 S   4,3  0,0   0:04.92 kworker/3:1H
    1 root      20   0   33936      0      0 S   0,0  0,0   0:02.68 init
    2 root      20   0       0      0      0 S   0,0  0,0   0:00.06 kthreadd
 6037 mgvvst    20   0 2128068 1,446g    868 R 100,0 74,1   1:00.90 bash
   43 root      20   0       0      0      0 R  25,9  0,0   9:07.05 kswapd0
 2007 mgvvst    20   0 1777828 177712   8548 S  13,0  8,7  19:31.27 compiz
    7 root      20   0       0      0      0 S   6,5  0,0   0:32.27 rcu_sched
 1100 root      20   0  517944  54020   2264 S   6,5  2,6   7:54.26 Xorg
   43 root      20   0       0      0      0 R  92,0  0,0   9:08.49 kswapd0
 6037 mgvvst    20   0 2170072 1,449g    868 R  92,0 74,2   1:02.82 bash
 1100 root      20   0  517944  54020   2264 S  18,4  2,6   7:54.39 Xorg
 2007 mgvvst    20   0 1777828 176316   7176 S  18,4  8,6  19:31.49 compiz
  216 root       0 -20       0      0      0 S   6,1  0,0   0:07.13 kworker/0:1H
 6037 mgvvst    20   0 2209096 1,436g    868 R  96,8 73,5   1:04.58 bash
 2007 mgvvst    20   0 1777828 183552  13912 S  71,0  9,0  19:32.18 compiz
 1100 root      20   0  517944  56348   3512 S  32,3  2,8   7:54.99 Xorg
   43 root      20   0       0      0      0 R  19,4  0,0   9:09.82 kswapd0
    7 root      20   0       0      0      0 R   6,5  0,0   0:32.36 rcu_sched
   43 root      20   0       0      0      0 R  95,8  0,0   9:11.39 kswapd0
 6037 mgvvst    20   0 2236092 1,417g    868 R  89,4 72,6   1:06.37 bash
    7 root      20   0       0      0      0 S   6,4  0,0   0:32.39 rcu_sched
    1 root      20   0   33936      0      0 S   0,0  0,0   0:02.68 init
    2 root      20   0       0      0      0 S   0,0  0,0   0:00.06 kthreadd
   43 root      20   0       0      0      0 R  96,1  0,0   9:12.71 kswapd0
 6037 mgvvst    20   0 2275856 1,422g    868 R  96,1 72,8   1:08.16 bash
 1361 mgvvst    20   0  184200      0      0 S   6,4  0,0   1:06.10 VBoxClient
    1 root      20   0   33936      0      0 S   0,0  0,0   0:02.68 init
    2 root      20   0       0      0      0 S   0,0  0,0   0:00.06 kthreadd
 6037 mgvvst    20   0 2325268 1,425g    868 R  97,2 73,0   1:09.92 bash
 2007 mgvvst    20   0 1777828 183280  13904 S  58,3  8,9  19:33.51 compiz
 1100 root      20   0  517944  56280   3512 S  19,4  2,7   7:55.79 Xorg
 4832 mgvvst    20   0  729976  21828  12752 S   6,5  1,1   0:36.60 gedit
    1 root      20   0   33936      0      0 S   0,0  0,0   0:02.68 init
 6037 mgvvst    20   0 2362152 1,423g    868 R  96,4 72,9   1:11.72 bash
   43 root      20   0       0      0      0 R  90,0  0,0   9:15.24 kswapd0
 1100 root      20   0  517944  56280   3512 R  45,0  2,7   7:56.23 Xorg
 2007 mgvvst    20   0 1777828 183128  13856 R  45,0  8,9  19:34.20 compiz
   41 root      20   0       0      0      0 S   6,4  0,0   0:13.87 kworker/0:1
 6037 mgvvst    20   0 2409320 1,432g    868 R 100,0 73,3   1:13.60 bash
   43 root      20   0       0      0      0 S  67,2  0,0   9:16.47 kswapd0
    1 root      20   0   33936      0      0 S   0,0  0,0   0:02.68 init
    2 root      20   0       0      0      0 S   0,0  0,0   0:00.06 kthreadd
    3 root      20   0       0      0      0 S   0,0  0,0   0:00.33 ksoftirqd/0
   43 root      20   0       0      0      0 R  93,7  0,0   9:17.84 kswapd0
 6037 mgvvst    20   0 2447260 1,437g    868 R  93,7 73,6   1:15.40 bash
 2007 mgvvst    20   0 1777828 182236  13176 S  52,7  8,9  19:35.34 compiz
 1100 root      20   0  517944  55748   3012 S  41,0  2,7   7:56.87 Xorg
    7 root      20   0       0      0      0 S   5,9  0,0   0:32.54 rcu_sched
 6037 mgvvst    20   0 2485004 1,438g    868 R  97,2 73,6   1:17.22 bash
   43 root      20   0       0      0      0 R  58,3  0,0   9:19.21 kswapd0
  173 root       0 -20       0      0      0 S   6,5  0,0   0:05.03 kworker/3:1H
    1 root      20   0   33936      0      0 S   0,0  0,0   0:02.68 init
    2 root      20   0       0      0      0 S   0,0  0,0   0:00.06 kthreadd
 6037 mgvvst    20   0 2511744 1,421g    868 R  82,0 72,8   1:19.00 bash
   43 root      20   0       0      0      0 S  76,2  0,0   9:20.87 kswapd0
 2007 mgvvst    20   0 1777828 182524  11164 R  58,6  8,9  19:36.61 compiz
 1100 root      20   0  517944  55944   3116 S  35,2  2,7   7:57.88 Xorg
    7 root      20   0       0      0      0 S   5,9  0,0   0:32.61 rcu_sched
 6037 mgvvst    20   0 2543080 1,418g    868 R  97,5 72,6   1:20.76 bash
 2042 mgvvst    20   0 1078932  20500  11828 D  52,0  1,0   0:36.95 nautilus
 1100 root      20   0  517944  55892   3064 R  39,0  2,7   7:58.52 Xorg
   43 root      20   0       0      0      0 S  32,5  0,0   9:22.27 kswapd0
 1460 mgvvst    20   0  653824   7912   1144 S  19,5  0,4   0:04.60 hud-service
 6037 mgvvst    20   0 2595608 1,426g    868 R  95,3 73,0   1:22.54 bash
   43 root      20   0       0      0      0 R  82,6  0,0   9:23.22 kswapd0
 1100 root      20   0  517944  55848   3020 S  44,5  2,7   7:59.07 Xorg
 2007 mgvvst    20   0 1777828 183500  11884 S  38,1  9,0  19:37.85 compiz
    7 root      20   0       0      0      0 S   6,4  0,0   0:32.69 rcu_sched
 6037 mgvvst    20   0 2640896 1,416g    868 R  95,8 72,5   1:24.22 bash
 2007 mgvvst    20   0 1777828 184136  12424 S  89,4  9,0  19:38.57 compiz
 1100 root      20   0  517944  56312   3364 R  31,9  2,7   7:59.79 Xorg
 6849 mgvvst    20   0  235064  12000  10788 S  25,6  0,6   0:00.26 gedit
    7 root      20   0       0      0      0 S   6,4  0,0   0:32.74 rcu_sched
 6037 mgvvst    20   0 2663468 1,394g    868 R 100,0 71,4   1:25.96 bash
   43 root      20   0       0      0      0 R  97,1  0,0   9:26.04 kswapd0
 1100 root      20   0  517944  56280   3332 R  12,9  2,7   8:00.34 Xorg
  216 root       0 -20       0      0      0 S   6,5  0,0   0:07.29 kworker/0:1H
 1361 mgvvst    20   0  184200      0      0 S   6,5  0,0   1:06.23 VBoxClient
 6037 mgvvst    20   0 2699560 1,403g    868 R 100,0 71,8   1:27.80 bash
   43 root      20   0       0      0      0 R  98,0  0,0   9:27.49 kswapd0
 2007 mgvvst    20   0 1777828 184028  12316 S  71,9  9,0  19:39.81 compiz
 1100 root      20   0  517944  56280   3332 S  58,8  2,7   8:01.16 Xorg
 4832 mgvvst    20   0  738208  34588  18768 R  13,1  1,7   0:38.47 gedit
 6037 mgvvst    20   0 2732196 1,405g    868 R 100,0 71,9   1:29.59 bash
   43 root      20   0       0      0      0 R  94,4  0,0   9:28.87 kswapd0
 2007 mgvvst    20   0 1777828 184004  12292 R  31,5  9,0  19:40.29 compiz
 1100 root      20   0  517944  56280   3332 S  18,9  2,7   8:01.83 Xorg
  216 root       0 -20       0      0      0 S   6,3  0,0   0:07.31 kworker/0:1H
   43 root      20   0       0      0      0 R  99,2  0,0   9:30.56 kswapd0
 6037 mgvvst    20   0 2763236 1,400g    868 R  93,0 71,7   1:31.38 bash
   23 root      20   0       0      0      0 S  55,8  0,0   0:25.58 ksoftirqd/3
 2007 mgvvst    20   0 1777828 184004  12292 R  37,2  9,0  19:40.93 compiz
 1100 root      20   0  517944  56280   3332 S  18,6  2,7   8:02.33 Xorg
   43 root      20   0       0      0      0 R  97,3  0,0   9:32.26 kswapd0
 6037 mgvvst    20   0 2794508 1,401g    868 R  97,3 71,7   1:33.10 bash
  276 root       0 -20       0      0      0 S   6,5  0,0   0:06.29 kworker/1:1H
 1085 root      20   0    4380      0      0 S   6,5  0,0   0:03.01 acpid
 1100 root      20   0  517944  56012   3064 S   6,5  2,7   8:02.85 Xorg
 6037 mgvvst    20   0 2823460 1,401g    868 R  96,4 71,7   1:34.88 bash
   43 root      20   0       0      0      0 R  64,3  0,0   9:33.74 kswapd0
 1100 root      20   0  517944  55980   3032 R  57,8  2,7   8:03.45 Xorg
 4832 mgvvst    20   0  738208  33652  17832 S  45,0  1,6   0:39.15 gedit
 2007 mgvvst    20   0 1777828 182316  10604 S  38,6  8,9  19:42.46 compiz
 6037 mgvvst    20   0 2861296 1,404g    868 R  93,9 71,9   1:36.70 bash
   43 root      20   0       0      0      0 S  34,6  0,0   9:35.19 kswapd0
    1 root      20   0   33936      0      0 S   0,0  0,0   0:02.68 init
    2 root      20   0       0      0      0 S   0,0  0,0   0:00.06 kthreadd
    3 root      20   0       0      0      0 S   0,0  0,0   0:00.34 ksoftirqd/0
 6037 mgvvst    20   0 2894812 1,414g    868 R  95,5 72,4   1:38.48 bash
   43 root      20   0       0      0      0 R  89,2  0,0   9:36.58 kswapd0
 1100 root      20   0  517944  55672   2724 S  44,6  2,7   8:04.70 Xorg
 2007 mgvvst    20   0 1777828 180220   8508 S  19,1  8,8  19:43.72 compiz
   23 root      20   0       0      0      0 S   6,4  0,0   0:25.75 ksoftirqd/3
 6037 mgvvst    20   0 2938264 1,425g    868 R  93,9 72,9   1:40.33 bash
 2007 mgvvst    20   0 1777828 179164   7452 S  28,6  8,7  19:44.26 compiz
 1100 root      20   0  517944  55672   2724 S  16,3  2,7   8:05.10 Xorg
   43 root      20   0       0      0      0 R  12,2  0,0   9:37.90 kswapd0
  579 message+  20   0   40168    988     76 S   4,1  0,0   0:07.23 dbus-daemon
   43 root      20   0       0      0      0 R  90,0  0,0   9:39.37 kswapd0
 6037 mgvvst    20   0 2974940 1,431g    868 R  90,0 73,3   1:42.14 bash
 2007 mgvvst    20   0 1777828 174656   6840 S  38,6  8,5  19:44.80 compiz
 1100 root      20   0  517944  52312   2672 S  32,1  2,6   8:05.74 Xorg
  216 root       0 -20       0      0      0 S   6,4  0,0   0:07.53 kworker/0:1H
   43 root      20   0       0      0      0 R  92,9  0,0   9:40.68 kswapd0
 6037 mgvvst    20   0 3010016 1,429g    868 R  92,9 73,2   1:43.84 bash
    7 root      20   0       0      0      0 S  12,4  0,0   0:33.22 rcu_sched
  216 root       0 -20       0      0      0 S  12,4  0,0   0:07.58 kworker/0:1H
  276 root       0 -20       0      0      0 S   6,2  0,0   0:06.44 kworker/1:1H
 6037 mgvvst    20   0 3051232 1,442g    868 R 100,0 73,8   1:45.64 bash
   43 root      20   0       0      0      0 R  87,4  0,0   9:42.41 kswapd0
 2007 mgvvst    20   0 1777828 162536  10824 S  74,9  7,9  19:45.97 compiz
 1100 root      20   0  517944  51592   2328 R  43,7  2,5   8:06.33 Xorg
 1695 mgvvst    20   0 1166288   2112   1808 D  31,2  0,1   0:00.82 indicator-datet
 6037 mgvvst    20   0 3126912 1,502g    868 R  94,9 76,9   1:47.86 bash
   43 root      20   0       0      0      0 R  23,1  0,0   9:43.77 kswapd0
  276 root       0 -20       0      0      0 S   5,1  0,0   0:06.50 kworker/1:1H
 7102 mgvvst    20   0   30388   3128   2704 R   5,1  0,2   0:00.02 top
    7 root      20   0       0      0      0 S   2,6  0,0   0:33.32 rcu_sched
 2007 mgvvst    20   0 1777836 132100  20536 D  97,7  6,5  19:54.10 compiz
 1100 root      20   0  517944  38508   1772 S  19,5  1,9   8:13.22 Xorg
 2042 mgvvst    20   0 1070844  17248   8420 S  19,5  0,8   0:45.51 nautilus
    7 root      20   0       0      0      0 S   6,5  0,0   0:34.06 rcu_sched
 1361 mgvvst    20   0  184200      0      0 S   6,5  0,0   1:10.32 VBoxClient
