 7214 mgvvst    20   0   47500  32632   3028 R 100,0  1,6   0:01.04 bash
 2042 mgvvst    20   0 1071144  24480  15236 S   9,7  1,2   0:51.10 nautilus
   41 root      20   0       0      0      0 S   4,8  0,0   0:17.94 kworker/0:1
 4832 mgvvst    20   0  738480  36848  20580 S   4,8  1,8   1:34.17 gedit
 7212 mgvvst    20   0   30380   3276   2716 S   4,8  0,2   0:00.15 top
 7214 mgvvst    20   0  104156  89384   3028 R  97,9  4,4   0:02.99 bash
    7 root      20   0       0      0      0 S   5,8  0,0   0:38.82 rcu_sched
    1 root      20   0   33936      0      0 S   0,0  0,0   0:02.68 init
    2 root      20   0       0      0      0 S   0,0  0,0   0:00.06 kthreadd
    3 root      20   0       0      0      0 S   0,0  0,0   0:00.44 ksoftirqd/0
 7214 mgvvst    20   0  162368 147728   3028 R  98,5  7,2   0:05.04 bash
 2007 mgvvst    20   0 1777836 160168  33988 S  27,4  7,8  24:27.08 compiz
 1100 root      20   0  533240  91736   5924 S  16,4  4,5  11:06.25 Xorg
   23 root      20   0       0      0      0 S   5,5  0,0   0:30.52 ksoftirqd/3
   41 root      20   0       0      0      0 S   5,5  0,0   0:17.95 kworker/0:1
 7214 mgvvst    20   0  213540 198680   3028 R  98,3  9,7   0:06.93 bash
 2007 mgvvst    20   0 1777836 160168  33988 S  32,8  7,8  24:27.43 compiz
 1100 root      20   0  533240  91736   5924 S  21,8  4,5  11:06.43 Xorg
 1787 rtkit     21   1  168928      0      0 S   5,5  0,0   0:01.11 rtkit-daem+
 7291 mgvvst    20   0   30392   3092   2664 R   5,5  0,2   0:00.01 top
 7214 mgvvst    20   0  272644 257816   3028 R 100,0 12,6   0:08.94 bash
 1100 root      20   0  533240  91736   5924 S  11,8  4,5  11:06.61 Xorg
 2007 mgvvst    20   0 1777836 160168  33988 S   5,9  7,8  24:27.78 compiz
    1 root      20   0   33936      0      0 S   0,0  0,0   0:02.68 init
    2 root      20   0       0      0      0 S   0,0  0,0   0:00.06 kthreadd
 7214 mgvvst    20   0  379176 364472   3028 R 100,0 17,8   0:11.02 bash
 4832 mgvvst    20   0  738480  36848  20580 S   6,1  1,8   1:34.23 gedit
    1 root      20   0   33936      0      0 S   0,0  0,0   0:02.68 init
    2 root      20   0       0      0      0 S   0,0  0,0   0:00.06 kthreadd
    3 root      20   0       0      0      0 S   0,0  0,0   0:00.44 ksoftirqd/0
 7214 mgvvst    20   0  481756 466904   3028 R  94,5 22,8   0:12.94 bash
 1361 mgvvst    20   0  184200      0      0 S   5,9  0,0   1:26.55 VBoxClient
    1 root      20   0   33936      0      0 S   0,0  0,0   0:02.68 init
    2 root      20   0       0      0      0 S   0,0  0,0   0:00.06 kthreadd
    3 root      20   0       0      0      0 S   0,0  0,0   0:00.44 ksoftirqd/0
 7214 mgvvst    20   0  580180 565376   3028 R 100,0 27,6   0:14.83 bash
 2042 mgvvst    20   0 1071144  24552  15260 S   5,2  1,2   0:51.57 nautilus
    1 root      20   0   33936      0      0 S   0,0  0,0   0:02.68 init
    2 root      20   0       0      0      0 S   0,0  0,0   0:00.06 kthreadd
    3 root      20   0       0      0      0 S   0,0  0,0   0:00.45 ksoftirqd/0
 7214 mgvvst    20   0  695676 681008   3028 R 100,0 33,3   0:17.06 bash
    7 root      20   0       0      0      0 S   6,4  0,0   0:38.95 rcu_sched
 2042 mgvvst    20   0 1071144  24552  15260 S   6,4  1,2   0:51.60 nautilus
    1 root      20   0   33936      0      0 S   0,0  0,0   0:02.68 init
    2 root      20   0       0      0      0 S   0,0  0,0   0:00.06 kthreadd
 7214 mgvvst    20   0  800120 785288   3028 R  97,0 38,3   0:19.06 bash
    1 root      20   0   33936      0      0 S   0,0  0,0   0:02.68 init
    2 root      20   0       0      0      0 S   0,0  0,0   0:00.06 kthreadd
    3 root      20   0       0      0      0 S   0,0  0,0   0:00.45 ksoftirqd/0
    4 root      20   0       0      0      0 S   0,0  0,0   0:00.00 kworker/0:0
 7214 mgvvst    20   0  903740 889040   3028 R  96,8 43,4   0:21.08 bash
 2007 mgvvst    20   0 1777836 160168  33988 S  25,8  7,8  24:29.08 compiz
 1100 root      20   0  533240  91736   5924 S  12,9  4,5  11:07.28 Xorg
    1 root      20   0   33936      0      0 S   0,0  0,0   0:02.68 init
    2 root      20   0       0      0      0 S   0,0  0,0   0:00.06 kthreadd
 7214 mgvvst    20   0 1003176 988568   3028 R  97,9 48,3   0:23.01 bash
 2007 mgvvst    20   0 1777836 160168  33988 S  15,5  7,8  24:29.26 compiz
 1100 root      20   0  533240  91736   5924 S   5,2  4,5  11:07.37 Xorg
 1361 mgvvst    20   0  184200      0      0 S   5,2  0,0   1:26.60 VBoxClient
 1889 root      20   0  305936     60      0 S   5,2  0,0   0:11.41 VBoxService
 7214 mgvvst    20   0 1109028 1,043g   3028 R 100,0 53,4   0:25.05 bash
 7451 root      20   0   50140  14360   6216 R  58,3  0,7   0:00.19 apport
 2007 mgvvst    20   0 1777836 160168  33988 S  25,9  7,8  24:29.41 compiz
 1100 root      20   0  533240  91736   5924 S  19,4  4,5  11:07.45 Xorg
    1 root      20   0   33936      0      0 S   0,0  0,0   0:02.68 init
 7214 mgvvst    20   0 1199580 1,130g   3028 R  90,7 57,9   0:26.86 bash
 7451 mgvvst    30  10   73032  22336   8608 S  84,2  1,1   0:01.54 apport
 2007 mgvvst    20   0 1777836 160168  33988 S  19,4  7,8  24:29.62 compiz
 1100 root      20   0  533240  91736   5924 S  13,0  4,5  11:07.57 Xorg
 1361 mgvvst    20   0  184200      0      0 S   6,5  0,0   1:26.62 VBoxClient
 7214 mgvvst    20   0 1287068 1,213g   3028 R 100,0 62,1   0:28.68 bash
 7451 mgvvst    30  10   73032  22336   8608 R  91,4  1,1   0:03.14 apport
 2042 mgvvst    20   0 1071144  45520  32948 D  32,7  2,2   0:52.06 nautilus
 2007 mgvvst    20   0 1777836 160168  33988 S  26,1  7,8  24:29.82 compiz
 1100 root      20   0  533240  91736   5924 S  13,1  4,5  11:07.67 Xorg
 7214 mgvvst    20   0 1377696 1,299g   2404 R 100,0 66,5   0:30.58 bash
 2007 mgvvst    20   0 1777836 135168   8812 S  87,8  6,6  24:30.09 compiz
 7451 mgvvst    30  10   73548  22008   7776 R  43,9  1,1   0:04.53 apport
 1100 root      20   0  533240  89792   3804 S  31,3  4,4  11:07.78 Xorg
   43 root      20   0       0      0      0 S  18,8  0,0  10:12.68 kswapd0
 7214 mgvvst    20   0 1471820 1,387g    872 R  97,6 71,0   0:32.91 bash
 7451 mgvvst    30  10   73548  15012    780 R  71,6  0,7   0:05.60 apport
 2042 mgvvst    20   0 1071144 141872 132504 D  19,5  6,9   0:52.94 nautilus
   64 root      20   0       0      0      0 S   6,5  0,0   0:14.27 kworker/3:1
 1889 root      20   0  305936      0      0 S   6,5  0,0   0:11.42 VBoxService
   43 root      20   0       0      0      0 R  81,2  0,0  10:13.83 kswapd0
 7214 mgvvst    20   0 1543512 1,455g    872 R  71,1 74,5   0:34.72 bash
 1457 mgvvst    20   0  824256   1392    588 R  25,4  0,1   0:08.69 unity-sett+
 1100 root      20   0  533240  56200   2948 D  15,2  2,7  11:08.75 Xorg
 1471 mgvvst    20   0  580464    952    304 D  10,2  0,0   0:10.12 unity-pane+
 7214 mgvvst    20   0 1614196 1,496g    872 R 100,0 76,6   0:36.66 bash
 7568 mgvvst    20   0   32524   7732   5008 D  64,6  0,4   0:00.19 apport-gtk
 2007 mgvvst    20   0 1729208  59896   9276 D  25,8  2,9  24:32.10 compiz
 1438 mgvvst    20   0  559552   5472   3760 S  19,4  0,3   0:10.36 bamfdaemon
 1460 mgvvst    20   0  656184   3900   2396 D  12,9  0,2   0:06.57 hud-service
 7214 mgvvst    20   0 1671256 1,521g    872 R 100,0 77,9   0:38.56 bash
   43 root      20   0       0      0      0 R  94,8  0,0  10:15.41 kswapd0
 7568 mgvvst    20   0  364592  35344  21168 R  69,5  1,7   0:01.47 apport-gtk
 2007 mgvvst    20   0 1729208  82232  12316 D  44,2  4,0  24:32.57 compiz
    7 root      20   0       0      0      0 S   6,3  0,0   0:39.23 rcu_sched
   43 root      20   0       0      0      0 R 100,0  0,0  10:17.12 kswapd0
 7214 mgvvst    20   0 1701820 1,488g    872 R  97,0 76,2   0:40.39 bash
 2007 mgvvst    20   0 1729256  99352  25724 R  71,1  4,9  24:33.62 compiz
 1100 root      20   0  401656  62084   2040 S  25,9  3,0  11:09.26 Xorg
 7568 mgvvst    20   0  381576  45896  19420 S  25,9  2,2   0:02.69 apport-gtk
   43 root      20   0       0      0      0 R 100,0  0,0  10:18.92 kswapd0
 7214 mgvvst    20   0 1722228 1,462g    872 R  95,0 74,9   0:42.15 bash
    7 root      20   0       0      0      0 S   6,3  0,0   0:39.33 rcu_sched
  276 root       0 -20       0      0      0 S   6,3  0,0   0:06.56 kworker/1:+
 7630 mgvvst    20   0   30392   3100   2668 R   6,3  0,2   0:00.01 top
   43 root      20   0       0      0      0 R  97,7  0,0  10:20.25 kswapd0
 7214 mgvvst    20   0 1760640 1,467g    872 R  97,7 75,1   0:43.94 bash
  216 root       0 -20       0      0      0 S   6,5  0,0   0:07.79 kworker/0:+
    1 root      20   0   33936      0      0 S   0,0  0,0   0:02.68 init
    2 root      20   0       0      0      0 S   0,0  0,0   0:00.06 kthreadd
   43 root      20   0       0      0      0 R  97,8  0,0  10:21.45 kswapd0
 7214 mgvvst    20   0 1812352 1,481g    872 R  97,8 75,8   0:45.83 bash
 1100 root      20   0  402168  63212   3072 S  19,6  3,1  11:10.01 Xorg
  216 root       0 -20       0      0      0 S   6,5  0,0   0:07.82 kworker/0:+
 2007 mgvvst    20   0 1729256 102748  26932 S   6,5  5,0  24:35.06 compiz
   43 root      20   0       0      0      0 R 100,0  0,0  10:22.70 kswapd0
 7214 mgvvst    20   0 1858208 1,492g    872 R  97,1 76,4   0:47.62 bash
 2007 mgvvst    20   0 1729256  94108  18292 R  25,9  4,6  24:35.26 compiz
 1100 root      20   0  402168  63192   3052 R  13,0  3,1  11:10.15 Xorg
    7 root      20   0       0      0      0 R   6,5  0,0   0:39.41 rcu_sched
 7214 mgvvst    20   0 1934460 1,519g    872 R  95,8 77,8   0:49.68 bash
   43 root      20   0       0      0      0 R  31,9  0,0  10:23.66 kswapd0
 2007 mgvvst    20   0 1729256  81616   5800 S  19,2  4,0  24:35.48 compiz
 1100 root      20   0  402168  62036   1896 S  12,8  3,0  11:10.28 Xorg
    1 root      20   0   33936      0      0 S   0,0  0,0   0:02.68 init
   43 root      20   0       0      0      0 S  84,7  0,0  10:25.15 kswapd0
 7214 mgvvst    20   0 1970432 1,505g    872 R  84,7 77,1   0:51.53 bash
 2007 mgvvst    20   0 1729256  81180   5364 S  52,1  4,0  24:35.74 compiz
 1100 root      20   0  402168  62036   1896 S  45,6  3,0  11:10.45 Xorg
    7 root      20   0       0      0      0 S   6,5  0,0   0:39.46 rcu_sched
   43 root      20   0       0      0      0 R  96,7  0,0  10:26.43 kswapd0
 7214 mgvvst    20   0 2021508 1,521g    872 R  96,7 77,9   0:53.47 bash
 1100 root      20   0  402168  62036   1896 S   6,4  3,0  11:10.58 Xorg
    1 root      20   0   33936      0      0 S   0,0  0,0   0:02.68 init
    2 root      20   0       0      0      0 S   0,0  0,0   0:00.06 kthreadd
   43 root      20   0       0      0      0 R 100,0  0,0  10:27.98 kswapd0
 7214 mgvvst    20   0 2053872 1,513g    872 R 100,0 77,5   0:55.32 bash
  216 root       0 -20       0      0      0 S   6,4  0,0   0:07.89 kworker/0:+
  730 root       0 -20       0      0      0 S   6,4  0,0   0:06.24 kworker/2:+
    1 root      20   0   33936      0      0 S   0,0  0,0   0:02.68 init
   43 root      20   0       0      0      0 R  97,5  0,0  10:29.35 kswapd0
 7214 mgvvst    20   0 2102480 1,525g    872 R  97,5 78,1   0:57.32 bash
    1 root      20   0   33936      0      0 S   0,0  0,0   0:02.68 init
    2 root      20   0       0      0      0 S   0,0  0,0   0:00.06 kthreadd
    3 root      20   0       0      0      0 S   0,0  0,0   0:00.46 ksoftirqd/0
   43 root      20   0       0      0      0 R  96,0  0,0  10:30.96 kswapd0
 7214 mgvvst    20   0 2142600 1,521g    872 R  96,0 77,9   0:59.39 bash
 2007 mgvvst    20   0 1729256  80588   4808 R  25,6  3,9  24:36.66 compiz
 1100 root      20   0  402168  62008   1868 R  12,8  3,0  11:11.01 Xorg
    7 root      20   0       0      0      0 S   6,4  0,0   0:39.57 rcu_sched
 7214 mgvvst    20   0 2181756 1,523g    872 R 100,0 78,0   1:01.20 bash
   43 root      20   0       0      0      0 S  77,0  0,0  10:32.30 kswapd0
 2007 mgvvst    20   0 1729256  80584   4808 S  19,2  3,9  24:36.85 compiz
 1100 root      20   0  402168  61972   1868 S  12,8  3,0  11:11.13 Xorg
    1 root      20   0   33936      0      0 S   0,0  0,0   0:02.68 init
   43 root      20   0       0      0      0 R  91,0  0,0  10:33.66 kswapd0
 7214 mgvvst    20   0 2219472 1,523g    872 R  91,0 78,0   1:02.99 bash
 2007 mgvvst    20   0 1729256  80500   4808 S  32,5  3,9  24:37.08 compiz
 1100 root      20   0  402168  61968   1868 S  19,5  3,0  11:11.27 Xorg
    1 root      20   0   33936      0      0 S   0,0  0,0   0:02.68 init
   43 root      20   0       0      0      0 R 100,0  0,0  10:35.34 kswapd0
 7214 mgvvst    20   0 2240932 1,506g    872 R  97,1 77,1   1:04.79 bash
 2007 mgvvst    20   0 1729256  86640  10360 S  32,4  4,2  24:37.52 compiz
 1100 root      20   0  402168  61960   1868 S  12,9  3,0  11:11.49 Xorg
    1 root      20   0   33936      0      0 S   0,0  0,0   0:02.68 init
 7214 mgvvst    20   0 2285012 1,506g    872 R 100,0 77,1   1:06.91 bash
   43 root      20   0       0      0      0 R  97,5  0,0  10:36.96 kswapd0
 2007 mgvvst    20   0 1729256  86640  10360 S  26,0  4,2  24:37.71 compiz
 1100 root      20   0  402168  61960   1868 S  13,0  3,0  11:11.61 Xorg
    1 root      20   0   33936      0      0 S   0,0  0,0   0:02.68 init
 7214 mgvvst    20   0 2328040 1,512g    872 R  98,8 77,4   1:08.80 bash
   43 root      20   0       0      0      0 S  27,7  0,0  10:38.35 kswapd0
 2007 mgvvst    20   0 1729256  86636  10360 S  11,9  4,2  24:37.92 compiz
 1100 root      20   0  402168  61932   1868 S   4,0  3,0  11:11.77 Xorg
    1 root      20   0   33936      0      0 S   0,0  0,0   0:02.68 init
 7214 mgvvst    20   0 2374916 1,519g    872 R  98,4 77,8   1:10.86 bash
   43 root      20   0       0      0      0 R  38,8  0,0  10:39.85 kswapd0
 2007 mgvvst    20   0 1729256  86636  10360 S  11,9  4,2  24:38.17 compiz
 1100 root      20   0  402168  61932   1868 S   6,0  3,0  11:11.94 Xorg
    7 root      20   0       0      0      0 S   3,0  0,0   0:39.76 rcu_sched
   43 root      20   0       0      0      0 R  96,9  0,0  10:41.44 kswapd0
 7214 mgvvst    20   0 2402732 1,501g    872 R  96,9 76,9   1:12.67 bash
  730 root       0 -20       0      0      0 S   6,5  0,0   0:06.36 kworker/2:+
    1 root      20   0   33936      0      0 S   0,0  0,0   0:02.68 init
    2 root      20   0       0      0      0 S   0,0  0,0   0:00.06 kthreadd
   43 root      20   0       0      0      0 R  99,7  0,0  10:42.76 kswapd0
 7214 mgvvst    20   0 2443080 1,505g    872 R  87,3 77,1   1:14.47 bash
    7 root      20   0       0      0      0 S   6,2  0,0   0:39.81 rcu_sched
    1 root      20   0   33936      0      0 S   0,0  0,0   0:02.68 init
    2 root      20   0       0      0      0 S   0,0  0,0   0:00.06 kthreadd
 7214 mgvvst    20   0 2486616 1,514g    872 R 100,0 77,5   1:16.28 bash
 1457 mgvvst    20   0  824256   2892   1316 D   6,4  0,1   0:08.77 unity-sett+
 7955 mgvvst    20   0   30392   3004   2572 R   6,4  0,1   0:00.01 top
    1 root      20   0   33936      0      0 S   0,0  0,0   0:02.68 init
    2 root      20   0       0      0      0 S   0,0  0,0   0:00.06 kthreadd
   43 root      20   0       0      0      0 R  96,8  0,0  10:45.57 kswapd0
 7214 mgvvst    20   0 2524680 1,510g    872 R  96,8 77,3   1:18.24 bash
 2007 mgvvst    20   0 1729256  82348   6132 S  25,8  4,0  24:39.10 compiz
 1100 root      20   0  402168  61552   1864 S  19,4  3,0  11:12.54 Xorg
  276 root       0 -20       0      0      0 S   6,5  0,0   0:06.77 kworker/1:+
   43 root      20   0       0      0      0 R  95,6  0,0  10:46.98 kswapd0
 7214 mgvvst    20   0 2560656 1,507g    872 R  95,6 77,1   1:20.05 bash
 1361 mgvvst    20   0  184200      0      0 S   6,4  0,0   1:26.95 VBoxClient
    1 root      20   0   33936      0      0 S   0,0  0,0   0:02.68 init
    2 root      20   0       0      0      0 S   0,0  0,0   0:00.06 kthreadd
   43 root      20   0       0      0      0 R  95,4  0,0  10:48.28 kswapd0
 7214 mgvvst    20   0 2611228 1,516g    872 R  95,4 77,6   1:22.01 bash
    7 root      20   0       0      0      0 S   6,4  0,0   0:39.91 rcu_sched
    1 root      20   0   33936      0      0 S   0,0  0,0   0:02.68 init
    2 root      20   0       0      0      0 S   0,0  0,0   0:00.06 kthreadd
 7214 mgvvst    20   0 2648216 1,512g    872 R 100,0 77,4   1:23.88 bash
   43 root      20   0       0      0      0 S  46,4  0,0  10:49.73 kswapd0
  276 root       0 -20       0      0      0 S   4,2  0,0   0:06.81 kworker/1:+
    1 root      20   0   33936      0      0 S   0,0  0,0   0:02.68 init
    2 root      20   0       0      0      0 S   0,0  0,0   0:00.06 kthreadd
 7214 mgvvst    20   0 2694560 1,522g    872 R 100,0 77,9   1:25.87 bash
   43 root      20   0       0      0      0 R   2,9  0,0  10:51.12 kswapd0
 8045 mgvvst    20   0   30392   3028   2600 R   2,9  0,1   0:00.01 top
    1 root      20   0   33936      0      0 S   0,0  0,0   0:02.68 init
    2 root      20   0       0      0      0 S   0,0  0,0   0:00.06 kthreadd
   43 root      20   0       0      0      0 R  94,1  0,0  10:52.80 kswapd0
 7214 mgvvst    20   0 2725600 1,511g    872 R  94,1 77,3   1:27.84 bash
 2007 mgvvst    20   0 1729256  80040   3824 S  18,8  3,9  24:40.26 compiz
 1100 root      20   0  402168  61552   1864 S  12,6  3,0  11:13.25 Xorg
  216 root       0 -20       0      0      0 S   6,3  0,0   0:08.08 kworker/0:+
 7214 mgvvst    20   0 2763820 1,513g    872 R 100,0 77,5   1:29.61 bash
   43 root      20   0       0      0      0 R  94,1  0,0  10:54.32 kswapd0
 2007 mgvvst    20   0 1729256  80004   3788 S  31,4  3,9  24:40.49 compiz
 1100 root      20   0  402168  61552   1864 S  12,5  3,0  11:13.38 Xorg
    7 root      20   0       0      0      0 S   6,3  0,0   0:40.03 rcu_sched
   43 root      20   0       0      0      0 R  93,3  0,0  10:56.09 kswapd0
 7214 mgvvst    20   0 2788068 1,498g    872 R  93,3 76,7   1:31.38 bash
  216 root       0 -20       0      0      0 R  11,7  0,0   0:08.16 kworker/0:+
 1100 root      20   0  402168  61552   1864 S  11,7  3,0  11:13.53 Xorg
 2007 mgvvst    20   0 1729256  80004   3788 R  11,7  3,9  24:40.72 compiz
   43 root      20   0       0      0      0 R  96,8  0,0  10:57.39 kswapd0
 7214 mgvvst    20   0 2832436 1,508g    872 R  96,8 77,2   1:33.21 bash
 2007 mgvvst    20   0 1729256  80004   3788 S  25,8  3,9  24:40.97 compiz
 1100 root      20   0  402168  61552   1864 S  19,4  3,0  11:13.70 Xorg
  173 root       0 -20       0      0      0 S   6,5  0,0   0:05.78 kworker/3:+
   43 root      20   0       0      0      0 R  96,6  0,0  10:58.97 kswapd0
 7214 mgvvst    20   0 2868312 1,504g    872 R  90,1 77,0   1:35.07 bash
    1 root      20   0   33936      0      0 S   0,0  0,0   0:02.68 init
    2 root      20   0       0      0      0 S   0,0  0,0   0:00.06 kthreadd
    3 root      20   0       0      0      0 S   0,0  0,0   0:00.46 ksoftirqd/0
 7214 mgvvst    20   0 2903736 1,503g    872 R  97,0 76,9   1:36.85 bash
    1 root      20   0   33936      0      0 S   0,0  0,0   0:02.68 init
    2 root      20   0       0      0      0 S   0,0  0,0   0:00.06 kthreadd
    3 root      20   0       0      0      0 S   0,0  0,0   0:00.46 ksoftirqd/0
    4 root      20   0       0      0      0 S   0,0  0,0   0:00.00 kworker/0:0
   43 root      20   0       0      0      0 R  95,7  0,0  11:01.93 kswapd0
 7214 mgvvst    20   0 2956940 1,521g    872 R  89,3 77,9   1:38.92 bash
 2007 mgvvst    20   0 1729256  78356   3636 S  31,9  3,8  24:41.71 compiz
 1100 root      20   0  402168  57700   1460 S  12,8  2,8  11:14.15 Xorg
  173 root       0 -20       0      0      0 S   6,4  0,0   0:05.87 kworker/3:+
 7214 mgvvst    20   0 2992804 1,523g    872 R  97,6 78,0   1:40.72 bash
   43 root      20   0       0      0      0 S  28,7  0,0  11:03.37 kswapd0
    7 root      20   0       0      0      0 S   5,7  0,0   0:40.27 rcu_sched
  276 root       0 -20       0      0      0 S   5,7  0,0   0:06.99 kworker/1:+
  730 root       0 -20       0      0      0 S   5,7  0,0   0:06.64 kworker/2:+
 7214 mgvvst    20   0 3057676 1,568g    872 R 100,0 80,3   1:42.58 bash
   43 root      20   0       0      0      0 S  82,8  0,0  11:04.51 kswapd0
   23 root      20   0       0      0      0 S  31,8  0,0   0:31.35 ksoftirqd/3
    7 root      20   0       0      0      0 S   6,4  0,0   0:40.31 rcu_sched
    1 root      20   0   33936      0      0 S   0,0  0,0   0:02.68 init
 7214 mgvvst    20   0 3094000 1,570g    872 R 100,0 80,4   1:44.36 bash
   43 root      20   0       0      0      0 S  71,3  0,0  11:05.92 kswapd0
 2007 mgvvst    20   0 1729256  64340   3628 S  32,4  3,1  24:42.40 compiz
 1100 root      20   0  402168  26468   1384 S   6,5  1,3  11:14.61 Xorg
    1 root      20   0   33936      0      0 S   0,0  0,0   0:02.68 init
   43 root      20   0       0      0      0 R  96,9  0,0  11:07.42 kswapd0
 7214 mgvvst    20   0 3134068 1,575g    872 R  90,9 80,6   1:46.14 bash
 2007 mgvvst    20   0 1729256  64132   3628 S  30,3  3,1  24:42.64 compiz
 1100 root      20   0  402168  24876   1384 S  18,2  1,2  11:14.77 Xorg
    7 root      20   0       0      0      0 S   6,1  0,0   0:40.36 rcu_sched
 7214 mgvvst    20   0 3182260 1,592g    588 R  92,7 81,5   1:47.97 bash
   43 root      20   0       0      0      0 R  38,2  0,0  11:08.64 kswapd0
 8261 mgvvst    20   0   30392   1164    736 R  10,9  0,1   0:00.02 top
 1100 root      20   0  402168  23948    456 S   5,5  1,2  11:14.90 Xorg
 2007 mgvvst    20   0 1729256  57944      0 S   5,5  2,8  24:42.89 compiz
