13306 mgvvst    20   0   45820  30996   2984 R  82,0  1,5   0:01.53      0  30996 bash
13307 mgvvst    20   0   42380  27756   3176 R  82,0  1,4   0:01.37      0  27756 bash
 1100 root      20   0  487004  93652   6420 S  36,4  4,6  23:33.36  72512 166164 Xorg
 2007 mgvvst    20   0 1769708 163760  26072 S  27,3  8,0  70:27.16 212404 376164 compiz
13346 mgvvst    20   0   30400   3136   2700 R  13,7  0,2   0:00.04      0   3136 top
13306 mgvvst    20   0   83232  68484   2984 R  90,0  3,3   0:03.67      0  68484 bash
13307 mgvvst    20   0   78420  63924   3176 R  90,0  3,1   0:03.42      0  63924 bash
 2007 mgvvst    20   0 1769708 163760  26072 S  53,0  8,0  70:28.02 212404 376164 compiz
 1100 root      20   0  487004  93652   6420 S  47,7  4,6  23:33.96  72512 166164 Xorg
 2336 mgvvst    20   0  676516  18008   9916 S  15,9  0,9   4:10.17  14676  32684 gnome-terminal
13307 mgvvst    20   0  118460 103784   3176 R 100,0  5,1   0:05.55      0 103784 bash
13306 mgvvst    20   0  120128 105436   2984 R  87,1  5,1   0:05.73      0 105436 bash
 2007 mgvvst    20   0 1769708 163760  26072 S  63,9  8,0  70:28.67 212404 376164 compiz
 1100 root      20   0  487004  93652   6420 S  46,5  4,6  23:34.50  72512 166164 Xorg
 1460 mgvvst    20   0  656184  14988   5624 S  11,6  0,7   0:19.45   4420  19408 hud-service
13306 mgvvst    20   0  156080 141340   2984 R  95,3  6,9   0:07.98      0 141340 bash
13307 mgvvst    20   0  162160 147608   3176 R  95,3  7,2   0:07.89      0 147608 bash
 1100 root      20   0  487004  93652   6420 S  16,8  4,6  23:35.34  72512 166164 Xorg
 2336 mgvvst    20   0  676516  18468  10044 S  11,2  0,9   4:10.61  14344  32812 gnome-terminal
13463 mgvvst    20   0   30244   3068   2636 S  11,2  0,1   0:00.02      0   3068 top
13307 mgvvst    20   0  205740 191168   3176 R 100,0  9,3   0:10.26      0 191168 bash
13306 mgvvst    20   0  193800 179092   2984 R  99,0  8,7   0:10.15      0 179092 bash
 2007 mgvvst    20   0 1769708 163760  26072 R  27,5  8,0  70:30.13 212404 376164 compiz
13499 mgvvst    20   0   30400   3136   2700 R  16,5  0,2   0:00.03      0   3136 top
 1100 root      20   0  487004  93652   6420 R  11,0  4,6  23:35.88  72512 166164 Xorg
13306 mgvvst    20   0  232536 217636   2984 R 100,0 10,6   0:12.35      0 217636 bash
13307 mgvvst    20   0  242576 227864   3176 R 100,0 11,1   0:12.39      0 227864 bash
 1100 root      20   0  487004  93652   6420 R  28,3  4,6  23:36.53  72512 166164 Xorg
 2007 mgvvst    20   0 1769708 163760  26072 S  22,7  8,0  70:30.82 212404 376164 compiz
 2336 mgvvst    20   0  676516  18660  10044 S  17,0  0,9   4:11.04  14152  32812 gnome-terminal
13306 mgvvst    20   0  270372 255652   2984 R 100,0 12,5   0:14.40      0 255652 bash
13307 mgvvst    20   0  278524 264032   3176 R  94,9 12,9   0:14.41      0 264032 bash
    7 root      20   0       0      0      0 S   5,9  0,0   1:19.68      0      0 rcu_sched
 1361 mgvvst    20   0  184200      0      0 S   5,9  0,0   2:54.83    460    460 VBoxClient
13571 mgvvst    20   0   30400   3076   2640 R   5,9  0,2   0:00.02      0   3076 top
13307 mgvvst    20   0  318172 303632   3176 R  86,9 14,8   0:16.49      0 303632 bash
13306 mgvvst    20   0  309144 294460   2984 R  82,3 14,4   0:16.47      0 294460 bash
 1100 root      20   0  487004  93652   6420 S  18,3  4,6  23:37.29  72512 166164 Xorg
 2007 mgvvst    20   0 1769708 163760  26072 S   9,1  8,0  70:31.84 212404 376164 compiz
13605 mgvvst    20   0   30400   3072   2636 R   4,6  0,2   0:00.03      0   3072 top
13306 mgvvst    20   0  348440 333532   2984 R  94,0 16,3   0:18.61      0 333532 bash
13307 mgvvst    20   0  355760 341120   3176 R  94,0 16,7   0:18.54      0 341120 bash
 2007 mgvvst    20   0 1769708 163760  26072 S  49,8  8,0  70:32.34 212404 376164 compiz
 1100 root      20   0  487004  93652   6420 S  38,7  4,6  23:37.85  72512 166164 Xorg
13644 mgvvst    20   0       0      0      0 R  16,6  0,0   0:00.03      0      0 top
13307 mgvvst    20   0  393348 378872   3176 R 100,0 18,5   0:20.70      0 378872 bash
13306 mgvvst    20   0  387472 372604   2984 R  85,2 18,2   0:20.74      0 372604 bash
 2007 mgvvst    20   0 1769708 163760  26072 R  45,4  8,0  70:32.92 212404 376164 compiz
 1100 root      20   0  487004  93652   6420 R  34,1  4,6  23:38.39  72512 166164 Xorg
13677 mgvvst    20   0   30372   3264   2764 R  22,7  0,2   0:00.05      0   3264 top
13306 mgvvst    20   0  430496 415636   2984 R 100,0 20,3   0:23.15      0 415636 bash
13307 mgvvst    20   0  436652 422168   3176 R 100,0 20,6   0:23.12      0 422168 bash
 2336 mgvvst    20   0  676516  18660  10044 S   7,4  0,9   4:11.85  14152  32812 gnome-terminal
13716 mgvvst    20   0   30400   3076   2640 R   7,4  0,2   0:00.04      0   3076 top
 1100 root      20   0  487004  93652   6420 S   4,9  4,6  23:39.01  72512 166164 Xorg
13306 mgvvst    20   0  467656 452860   2984 R  96,1 22,1   0:25.19      0 452860 bash
13307 mgvvst    20   0  474172 459656   3176 R  96,1 22,4   0:25.18      0 459656 bash
13749 mgvvst    20   0   30400   3040   2604 R  11,3  0,1   0:00.02      0   3040 top
 1100 root      20   0  487004  93652   6420 S   5,7  4,6  23:39.43  72512 166164 Xorg
 1889 root      20   0  305936     48      0 S   5,7  0,0   0:19.90    348    396 VBoxService
13306 mgvvst    20   0  504928 490084   2984 R  95,5 23,9   0:27.35      0 490084 bash
13307 mgvvst    20   0  510508 495824   3176 R  90,2 24,2   0:27.37      0 495824 bash
 2007 mgvvst    20   0 1769708 163760  26072 S  74,3  8,0  70:35.25 212404 376164 compiz
 1100 root      20   0  487004  93652   6420 S  47,8  4,6  23:40.12  72512 166164 Xorg
 2336 mgvvst    20   0  676516  18660  10044 S  10,6  0,9   4:12.09  14152  32812 gnome-terminal
13306 mgvvst    20   0  542432 527572   2984 R  94,0 25,8   0:29.45      0 527572 bash
13307 mgvvst    20   0  549648 535160   3176 R  94,0 26,1   0:29.53      0 535160 bash
 2007 mgvvst    20   0 1769708 163760  26072 S  41,1  8,0  70:35.79 212404 376164 compiz
 1100 root      20   0  487004  93652   6420 S  17,6  4,6  23:40.76  72512 166164 Xorg
    7 root      20   0       0      0      0 S   5,9  0,0   1:19.91      0      0 rcu_sched
13307 mgvvst    20   0  589032 574496   3176 R  94,9 28,1   0:31.82      0 574496 bash
13306 mgvvst    20   0  582680 567964   2984 R  89,4 27,7   0:31.69      0 567964 bash
 1100 root      20   0  487004  93652   6420 R  50,3  4,6  23:41.27  72512 166164 Xorg
 2007 mgvvst    20   0 1769708 163760  26072 S  44,7  8,0  70:36.54 212404 376164 compiz
 2336 mgvvst    20   0  676516  18660  10044 S  16,8  0,9   4:12.47  14152  32812 gnome-terminal
13307 mgvvst    20   0  625844 611192   3176 R  94,9 29,8   0:33.92      0 611192 bash
13306 mgvvst    20   0  620148 605452   2984 R  89,3 29,6   0:33.78      0 605452 bash
 1100 root      20   0  487004  93652   6420 S  33,5  4,6  23:41.81  72512 166164 Xorg
 2336 mgvvst    20   0  676516  18660  10044 S  22,3  0,9   4:12.62  14152  32812 gnome-terminal
 4832 mgvvst    20   0  738480  29132  17388 S  11,2  1,4   3:12.84   5892  35024 gedit
13307 mgvvst    20   0  661460 646832   3176 R 100,0 31,6   0:35.98      0 646832 bash
13306 mgvvst    20   0  655512 640828   2984 R 100,0 31,3   0:35.91      0 640828 bash
11215 mgvvst    20   0 1275520  24468  15880 S  47,6  1,2   0:38.21   5604  30072 nautilus
 1100 root      20   0  487004  93652   6420 S  29,7  4,6  23:42.69  72512 166164 Xorg
 4832 mgvvst    20   0  738480  29132  17388 R  17,8  1,4   3:13.34   5892  35024 gedit
13306 mgvvst    20   0  691772 676996   2984 R 100,0 33,1   0:38.03      0 676996 bash
13307 mgvvst    20   0  696372 681680   3176 R 100,0 33,3   0:38.06      0 681680 bash
 2007 mgvvst    20   0 1769708 163760  26072 S  59,4  8,0  70:39.25 212404 376164 compiz
 1100 root      20   0  487004  93652   6420 S  29,7  4,6  23:43.54  72512 166164 Xorg
13974 mgvvst    20   0   30400   3252   2820 R  11,9  0,2   0:00.03      0   3252 top
13306 mgvvst    20   0  729516 714748   2984 R 100,0 34,9   0:40.09      0 714748 bash
13307 mgvvst    20   0  734172 719696   3176 R  94,1 35,1   0:40.13      0 719696 bash
 2007 mgvvst    20   0 1769708 163760  26072 S  29,4  8,0  70:40.11 212404 376164 compiz
 1100 root      20   0  487004  93652   6420 S  11,8  4,6  23:44.01  72512 166164 Xorg
14011 mgvvst    20   0   30400   3076   2640 R  11,8  0,2   0:00.02      0   3076 top
13306 mgvvst    20   0  773332 758012   2424 R 100,0 37,0   0:42.54      0 758012 bash
13307 mgvvst    20   0  777960 762636   2556 R  98,1 37,2   0:42.48      0 762636 bash
 2007 mgvvst    20   0 1769708 144044   6356 R  49,0  7,0  70:40.70 212404 356448 compiz
 1100 root      20   0  487004  91480   4248 R  16,3  4,5  23:44.35  72512 163992 Xorg
 4832 mgvvst    20   0  738480  17716   5972 S   5,4  0,9   3:13.86   5892  23608 gedit
13307 mgvvst    20   0  815508 798076    908 R  52,2 39,0   0:45.36    640 798716 bash
13306 mgvvst    20   0  810512 793036    884 R  49,1 38,7   0:45.38    636 793672 bash
 2007 mgvvst    20   0 1769708  71216   6656 S  33,8  3,5  70:41.43 285532 356748 compiz
 1100 root      20   0  487004  87160   3544 S  24,5  4,3  23:44.97  76128 163288 Xorg
   41 root      20   0       0      0      0 S  18,4  0,0   0:40.48      0      0 kworker/0:1
   43 root      20   0       0      0      0 R  77,6  0,0  16:23.77      0      0 kswapd0
13307 mgvvst    20   0  843128 807892    908 R  77,6 39,5   0:47.65  18280 826172 bash
13306 mgvvst    20   0  828508 791540    884 R  67,2 38,7   0:47.40  20104 811644 bash
 2007 mgvvst    20   0 1769708  74460   8704 S  46,5  3,6  70:42.21 284336 358796 compiz
 1100 root      20   0  487004  83500   4008 R  41,4  4,1  23:45.45  80252 163752 Xorg
13306 mgvvst    20   0  845788 784452    884 R 100,0 38,3   0:49.19  44332 828784 bash
   43 root      20   0       0      0      0 S  79,1  0,0  16:25.74      0      0 kswapd0
 1100 root      20   0  487004  83672   4092 R  79,1  4,1  23:46.12  80164 163836 Xorg
13307 mgvvst    20   0  861948 804912    908 R  67,8 39,3   0:49.60  40268 845180 bash
 2336 mgvvst    20   0  676516  12100   5132 S  28,2  0,6   4:12.94  15800  27900 gnome-terminal
13306 mgvvst    20   0  870176 786152    884 R 100,0 38,4   0:51.03  67184 853336 bash
13307 mgvvst    20   0  885728 806016    908 R  97,7 39,4   0:51.37  62924 868940 bash
 2007 mgvvst    20   0 1769708  87600  13904 D  63,2  4,3  70:44.66 276396 363996 compiz
 1100 root      20   0  487004  83952   4316 S  23,0  4,1  23:46.75  80108 164060 Xorg
11215 mgvvst    20   0 1275636  18644  10292 R  11,5  0,9   0:39.96   5904  24548 nautilus
   43 root      20   0       0      0      0 R 100,0  0,0  16:28.81      0      0 kswapd0
13306 mgvvst    20   0  889072 787552    884 R 100,0 38,5   0:52.94  84528 872080 bash
13307 mgvvst    20   0  904860 806672    908 R  94,3 39,4   0:53.27  81276 887948 bash
14230 mgvvst    20   0   30400   3140   2708 R   5,9  0,2   0:00.03      0   3140 top
    1 root      20   0   33936      0      0 S   0,0  0,0   0:02.90   1792   1792 init
   43 root      20   0       0      0      0 R 100,0  0,0  16:30.83      0      0 kswapd0
13306 mgvvst    20   0  905900 791336    884 R 100,0 38,6   0:54.85  97640 888976 bash
13307 mgvvst    20   0  925788 814520    908 R  94,4 39,8   0:55.33  94284 908804 bash
14266 mgvvst    20   0   30400   3052   2620 R  17,7  0,1   0:00.04      0   3052 top
11215 mgvvst    20   0 1275636  19428  11052 S  11,8  0,9   0:40.19   5880  25308 nautilus
   43 root      20   0       0      0      0 R  83,5  0,0  16:33.06      0      0 kswapd0
13306 mgvvst    20   0  922488 787064    884 R  58,1 38,4   0:56.88 118544 905608 bash
13307 mgvvst    20   0  941324 800728    908 R  39,9 39,1   0:57.37 123824 924552 bash
 2007 mgvvst    20   0 1769708  86932  12724 S  36,3  4,2  70:46.60 275884 362816 compiz
 1100 root      20   0  487004  83856   4220 S  29,0  4,1  23:48.19  80108 163964 Xorg
   43 root      20   0       0      0      0 R  88,6  0,0  16:35.07      0      0 kswapd0
13307 mgvvst    20   0  958668 802820    908 R  88,6 39,2   0:59.26 138984 941804 bash
13306 mgvvst    20   0  940492 790376    884 R  77,5 38,6   0:58.66 133184 923560 bash
  173 root       0 -20       0      0      0 S  16,6  0,0   0:09.92      0      0 kworker/3:1H
 1100 root      20   0  487004  83832   4196 S  11,1  4,1  23:48.81  80108 163940 Xorg
13307 mgvvst    20   0  976072 792052    908 R  78,8 38,7   1:01.10 167176 959228 bash
13306 mgvvst    20   0  955504 778916    884 R  61,3 38,0   1:00.32 159692 938608 bash
 1100 root      20   0  487004  83844   4084 R  52,5  4,1  23:49.54  79984 163828 Xorg
 4832 mgvvst    20   0  738480  19452   7944 R  52,5  0,9   3:15.32   6128  25580 gedit
 2007 mgvvst    20   0 1769708  86084  11892 D  43,8  4,2  70:48.11 275900 361984 compiz
13306 mgvvst    20   0  979876 791820    884 R  99,8 38,7   1:02.36 171076 962896 bash
13307 mgvvst    20   0  998512 798888    908 R  99,8 39,0   1:03.09 182780 981668 bash
   43 root      20   0       0      0      0 R  93,9  0,0  16:38.46      0      0 kswapd0
 1100 root      20   0  487004  83612   3852 R  11,7  4,1  23:50.09  79984 163596 Xorg
14410 mgvvst    20   0   30400   3144   2712 R  11,7  0,2   0:00.03      0   3144 top
   43 root      20   0       0      0      0 R  92,5  0,0  16:40.42      0      0 kswapd0
13306 mgvvst    20   0 1001332 791616    884 R  87,0 38,7   1:04.14 192928 984544 bash
13307 mgvvst    20   0 1017748 796236    908 R  87,0 38,9   1:04.98 204704 977,5m bash
 2007 mgvvst    20   0 1769708  92436  11260 S  43,5  4,5  70:50.01 268916 361352 compiz
14446 mgvvst    20   0   30400   3148   2712 R  10,9  0,2   0:00.03      0   3148 top
13306 mgvvst    20   0 1029940 786584    884 R  95,6 38,4   1:06.43 226472 989,3m bash
   43 root      20   0       0      0      0 R  90,0  0,0  16:42.14      0      0 kswapd0
13307 mgvvst    20   0 1046948 794472    908 R  90,0 38,8   1:07.15 235508 0,982g bash
14483 mgvvst    20   0   30400   3096   2664 R  11,2  0,2   0:00.03      0   3096 top
  173 root       0 -20       0      0      0 S   5,6  0,0   0:10.03      0      0 kworker/3:1H
13306 mgvvst    20   0 1047488 789092    884 R  98,5 38,5   1:08.30 241388 0,983g bash
13307 mgvvst    20   0 1066940 800060    908 R  98,5 39,1   1:09.09 249984 1,001g bash
   43 root      20   0       0      0      0 R  92,7  0,0  16:44.12      0      0 kswapd0
  173 root       0 -20       0      0      0 S   5,8  0,0   0:10.04      0      0 kworker/3:1H
  276 root       0 -20       0      0      0 S   5,8  0,0   0:11.31      0      0 kworker/1:1H
13306 mgvvst    20   0 1065688 790788    884 R 100,0 38,6   1:10.10 257908 1,000g bash
13307 mgvvst    20   0 1085140 802044    908 R  95,6 39,2   1:11.03 266216 1,019g bash
   43 root      20   0       0      0      0 R  89,6  0,0  16:46.08      0      0 kswapd0
    7 root      20   0       0      0      0 R   6,0  0,0   1:20.96      0      0 rcu_sched
  276 root       0 -20       0      0      0 S   6,0  0,0   0:11.39      0      0 kworker/1:1H
13306 mgvvst    20   0 1095672 782296    884 R  96,4 38,2   1:12.13 296496 1,029g bash
13307 mgvvst    20   0 1120744 798260    908 R  82,1 39,0   1:13.22 305640 1,053g bash
 2007 mgvvst    20   0 1769708  95420   9908 S  35,7  4,7  70:52.62 264580 360000 compiz
   43 root      20   0       0      0      0 R  21,4  0,0  16:47.92      0      0 kswapd0
 1100 root      20   0  487004  82876   3600 R  14,3  4,0  23:51.93  80468 163344 Xorg
   43 root      20   0       0      0      0 R 100,0  0,0  16:49.73      0      0 kswapd0
13306 mgvvst    20   0 1131104 790384    884 R 100,0 38,6   1:13.86 323784 1,063g bash
13307 mgvvst    20   0 1154684 806188    908 R 100,0 39,4   1:14.92 331768 1,085g bash
14621 mgvvst    20   0   30400   3104   2672 R  26,7  0,2   0:00.05      0   3104 top
 2007 mgvvst    20   0 1769708  94748   9236 S  10,7  4,6  70:53.20 264580 359328 compiz
13306 mgvvst    20   0 1174832 788504    884 R  95,1 38,5   1:15.94 369488 1,104g bash
   43 root      20   0       0      0      0 R  89,2  0,0  16:51.58      0      0 kswapd0
13307 mgvvst    20   0 1196052 803272    908 R  89,2 39,2   1:16.92 375868 1,125g bash
  276 root       0 -20       0      0      0 S   5,9  0,0   0:11.48      0      0 kworker/1:1H
14661 mgvvst    20   0   30400   3116   2680 R   5,9  0,2   0:00.01      0   3116 top
13307 mgvvst    20   0 1237312 806092    908 R  88,1 39,4   1:18.86 414232 1,164g bash
   43 root      20   0       0      0      0 R  56,7  0,0  16:53.62      0      0 kswapd0
 2007 mgvvst    20   0 1769708  93280   7768 R  50,4  4,6  70:53.98 264580 357860 compiz
13306 mgvvst    20   0 1211612 786652    884 R  50,4 38,4   1:17.82 408036 1,139g bash
 1100 root      20   0  487004  82740   3464 S  31,5  4,0  23:53.44  80468 163208 Xorg
   23 root      20   0       0      0      0 R  97,6  0,0   1:05.61      0      0 ksoftirqd/3
13306 mgvvst    20   0 1251996 787920    884 R  97,6 38,5   1:19.62 447160 1,178g bash
13307 mgvvst    20   0 1271072 800120    908 R  97,6 39,1   1:20.67 453996 1,196g bash
   43 root      20   0       0      0      0 R  79,3  0,0  16:55.54      0      0 kswapd0
   64 root      20   0       0      0      0 S   6,1  0,0   0:29.08      0      0 kworker/3:1
13306 mgvvst    20   0 1285092 789500    884 R 100,0 38,6   1:21.06 478580 1,209g bash
   43 root      20   0       0      0      0 R 100,0  0,0  16:56.85      0      0 kswapd0
13307 mgvvst    20   0 1297128 795856    908 R 100,0 38,9   1:21.89 484396 1,221g bash
 1100 root      20   0  487004  82644   3368 R  28,4  4,0  23:54.44  80468 163112 Xorg
14770 mgvvst    20   0   12644   1828   1736 R  22,7  0,1   0:00.04      0   1828 head
   43 root      20   0       0      0      0 R  91,9  0,0  16:58.40      0      0 kswapd0
13306 mgvvst    20   0 1319768 793432    884 R  91,9 38,7   1:22.66 509496 1,243g bash
13307 mgvvst    20   0 1326292 794512    908 R  91,9 38,8   1:23.50 515044 1,249g bash
  276 root       0 -20       0      0      0 S   6,1  0,0   0:11.53      0      0 kworker/1:1H
14805 mgvvst    20   0   30400   3016   2584 R   6,1  0,1   0:00.01      0   3016 top
   43 root      20   0       0      0      0 R 100,0  0,0  17:00.22      0      0 kswapd0
13306 mgvvst    20   0 1349508 789452    884 R  95,8 38,5   1:24.35 543044 1,271g bash
13307 mgvvst    20   0 1361100 793820    908 R  76,7 38,8   1:25.25 550320 1,282g bash
 2007 mgvvst    20   0 1769708  95528   9972 D  44,7  4,7  70:55.83 264536 360064 compiz
 1100 root      20   0  487004  82640   3364 S  38,3  4,0  23:55.42  80468 163108 Xorg
   43 root      20   0       0      0      0 R  68,4  0,0  17:02.10      0      0 kswapd0
13307 mgvvst    20   0 1395252 791108    908 R  68,4 38,6   1:26.87 587352 1,315g bash
 2007 mgvvst    20   0 1769708  98932  12612 R  63,2  4,8  70:56.94 263772 362704 compiz
13306 mgvvst    20   0 1381856 783704    884 R  47,4 38,3   1:25.97 581264 1,302g bash
 1100 root      20   0  487004  83836   4408 S  36,8  4,1  23:56.07  80316 164152 Xorg
13306 mgvvst    20   0 1412492 788072    884 R 100,0 38,5   1:27.92 607520 1,331g bash
13307 mgvvst    20   0 1421160 790832    908 R 100,0 38,6   1:28.74 613500 1,339g bash
   43 root      20   0       0      0      0 R 100,0  0,0  17:04.05      0      0 kswapd0
14913 mgvvst    20   0   30400   3116   2680 R  19,2  0,2   0:00.03      0   3116 top
13299 root      20   0       0      0      0 S  12,8  0,0   0:00.44      0      0 kworker/u8:2
13306 mgvvst    20   0 1445580 790888    884 D 100,0 38,6   1:29.86 637704 1,362g bash
   43 root      20   0       0      0      0 R  99,8  0,0  17:06.08      0      0 kswapd0
13307 mgvvst    20   0 1450152 789264    908 R  93,5 38,5   1:30.57 644108 1,367g bash
 2007 mgvvst    20   0 1769708  98028  11708 S  18,7  4,8  70:57.67 263772 361800 compiz
    7 root      20   0       0      0      0 S   6,2  0,0   1:21.66      0      0 rcu_sched
   43 root      20   0       0      0      0 R  86,8  0,0  17:07.70      0      0 kswapd0
13306 mgvvst    20   0 1478792 791832    884 R  86,8 38,7   1:31.47 670024 1,394g bash
13307 mgvvst    20   0 1479560 787464    908 R  74,4 38,5   1:32.14 675212 1,395g bash
 2007 mgvvst    20   0 1769708  98028  11708 S  55,8  4,8  70:58.11 263772 361800 compiz
   23 root      20   0       0      0      0 S  18,6  0,0   1:09.87      0      0 ksoftirqd/3
   43 root      20   0       0      0      0 R  71,5  0,0  17:09.79      0      0 kswapd0
   23 root      20   0       0      0      0 S  62,6  0,0   1:10.50      0      0 ksoftirqd/3
13306 mgvvst    20   0 1511104 788312    884 R  62,6 38,5   1:33.49 706016 1,425g bash
13307 mgvvst    20   0 1510292 782392    908 R  40,2 38,2   1:34.13 711172 1,424g bash
 2007 mgvvst    20   0 1769708  95908   9628 S  22,4  4,7  70:58.55 263812 359720 compiz
   43 root      20   0       0      0      0 R  86,8  0,0  17:11.88      0      0 kswapd0
13306 mgvvst    20   0 1549420 795664    884 R  55,2 38,9   1:35.43 736944 1,462g bash
13307 mgvvst    20   0 1546516 787528    908 R  55,2 38,5   1:36.06 742204 1,459g bash
 2007 mgvvst    20   0 1769708  93012   6596 R  31,5  4,5  70:59.15 263676 356688 compiz
 1100 root      20   0  487004  83184   3920 S  27,6  4,1  23:57.77  80480 163664 Xorg
13307 mgvvst    20   0 1635012 870084   1656 R 100,0 42,5   1:38.42 748940 1,544g bash
 1100 root      20   0  487004  68404   3340 S   6,4  3,3  23:58.36  94680 163084 Xorg
 2007 mgvvst    20   0 1769708  90124   9520 S   6,4  4,4  70:59.84 269488 359612 compiz
 4832 mgvvst    20   0  738480  11244   4484 S   6,4  0,5   3:17.67  10876  22120 gedit
    1 root      20   0   33936      0      0 S   0,0  0,0   0:02.90   1788   1788 init
13307 mgvvst    20   0 1743676 978588   1656 R  96,7 47,8   1:40.35 748940 1,647g bash
 1361 mgvvst    20   0  184200      0      0 S   6,4  0,0   2:55.83    460    460 VBoxClient
 1480 mgvvst    20   0  490536   2508      0 S   6,4  0,1   0:21.87   3500   6008 ibus-ui-gtk3
 2336 mgvvst    20   0  676516  13700   6424 S   6,4  0,7   4:13.95  15492  29192 gnome-terminal
 4832 mgvvst    20   0  738480  11244   4484 S   6,4  0,5   3:17.68  10876  22120 gedit
13307 mgvvst    20   0 1846716 1,031g   1656 R  95,6 52,8   1:42.23 748940 1,746g bash
 1100 root      20   0  487004  69796   4504 R  76,5  3,4  23:58.98  94452 164248 Xorg
15115 mgvvst    20   0   73820  16180   7796 R  44,6  0,8   0:00.33      0  16180 command-not-fou
 2336 mgvvst    20   0  676516  13700   6424 D  38,2  0,7   4:14.07  15492  29192 gnome-terminal
 1361 mgvvst    20   0  184200      0      0 S   6,4  0,0   2:55.84    460    460 VBoxClient
13307 mgvvst    20   0 1957112 1,137g   1656 R 100,0 58,2   1:44.27 748940 1,851g bash
   22 root      rt   0       0      0      0 S   6,0  0,0   0:00.90      0      0 migration/3
   78 root      20   0       0      0      0 S   6,0  0,0   0:03.24      0      0 kworker/1:1
15145 mgvvst    20   0   30396   3124   2692 R   6,0  0,2   0:00.01      0   3124 top
    1 root      20   0   33936      0      0 S   0,0  0,0   0:02.90   1788   1788 init
13307 mgvvst    20   0 2040920 1,217g   1656 R 100,0 62,3   1:46.23 748940 1,931g bash
15163 mgvvst    20   0   30396   3252   2816 R   5,1  0,2   0:00.01      0   3252 top
    1 root      20   0   33936      0      0 S   0,0  0,0   0:02.90   1788   1788 init
    2 root      20   0       0      0      0 S   0,0  0,0   0:00.07      0      0 kthreadd
    3 root      20   0       0      0      0 S   0,0  0,0   0:01.32      0      0 ksoftirqd/0
13307 mgvvst    20   0 2153720 1,324g   1656 R 100,0 67,8   1:48.25 748940 2,038g bash
 2007 mgvvst    20   0 1769708  90124   9520 S  18,9  4,4  71:01.82 269488 359612 compiz
 1100 root      20   0  487004  69796   4504 S   6,3  3,4  23:59.82  94452 164248 Xorg
 1361 mgvvst    20   0  184200      0      0 S   6,3  0,0   2:55.87    460    460 VBoxClient
15181 mgvvst    20   0   30396   3132   2696 R   6,3  0,2   0:00.01      0   3132 top
13307 mgvvst    20   0 2263336 1,429g   1656 R  96,1 73,2   1:50.20 748940 2,143g bash
15199 mgvvst    20   0   30396   3128   2696 R   5,3  0,2   0:00.01      0   3128 top
    1 root      20   0   33936      0      0 S   0,0  0,0   0:02.90   1788   1788 init
    2 root      20   0       0      0      0 S   0,0  0,0   0:00.07      0      0 kthreadd
    3 root      20   0       0      0      0 S   0,0  0,0   0:01.32      0      0 ksoftirqd/0
13307 mgvvst    20   0 2368612 1,529g   1656 R 100,0 78,3   1:52.21 749212 2,243g bash
   23 root      20   0       0      0      0 S   6,3  0,0   1:12.35      0      0 ksoftirqd/3
   43 root      20   0       0      0      0 S   6,3  0,0  17:14.41      0      0 kswapd0
    1 root      20   0   33936      0      0 S   0,0  0,0   0:02.90   1788   1788 init
    2 root      20   0       0      0      0 S   0,0  0,0   0:00.07      0      0 kthreadd
   43 root      20   0       0      0      0 R  92,9  0,0  17:15.72      0      0 kswapd0
13307 mgvvst    20   0 2448140 1,585g   1212 R  92,9 81,1   1:54.52 770024 2,319g bash
 2007 mgvvst    20   0 1769708  71364   1448 S  18,6  3,5  71:02.60 280176 351540 compiz
    7 root      20   0       0      0      0 S   6,2  0,0   1:22.16      0      0 rcu_sched
  730 root       0 -20       0      0      0 S   6,2  0,0   0:11.58      0      0 kworker/2:1H
   43 root      20   0       0      0      0 R  88,8  0,0  17:17.35      0      0 kswapd0
13307 mgvvst    20   0 2482672 1,583g   1212 R  88,8 81,1   1:56.30 805632 2,352g bash
   23 root      20   0       0      0      0 R  50,7  0,0   1:13.16      0      0 ksoftirqd/3
 2007 mgvvst    20   0 1769708  68628   8396 S  44,4  3,4  71:03.15 289860 358488 compiz
 1100 root      20   0  487004  34376   2124 S  19,0  1,7  24:00.49 127492 161868 Xorg
   43 root      20   0       0      0      0 R  95,5  0,0  17:19.02      0      0 kswapd0
13307 mgvvst    20   0 2520708 1,591g   1212 R  95,5 81,4   1:58.14 836072 2,388g bash
  173 root       0 -20       0      0      0 S   6,4  0,0   0:10.43      0      0 kworker/3:1H
11215 mgvvst    20   0 1275776  11956   4880 S   6,4  0,6   0:43.32   7340  19296 nautilus
    1 root      20   0   33936      0      0 S   0,0  0,0   0:02.90   1788   1788 init
   43 root      20   0       0      0      0 R  89,4  0,0  17:20.83      0      0 kswapd0
13307 mgvvst    20   0 2546668 1,583g   1212 R  89,4 81,0   1:59.96 870564 2,413g bash
  276 root       0 -20       0      0      0 S  12,8  0,0   0:11.92      0      0 kworker/1:1H
    7 root      20   0       0      0      0 S   6,4  0,0   1:22.33      0      0 rcu_sched
   23 root      20   0       0      0      0 S   6,4  0,0   1:13.21      0      0 ksoftirqd/3
   43 root      20   0       0      0      0 R  93,5  0,0  17:22.30      0      0 kswapd0
13307 mgvvst    20   0 2585092 1,585g   1212 R  93,5 81,2   2:01.74 906196 2,449g bash
    7 root      20   0       0      0      0 R   6,2  0,0   1:22.39      0      0 rcu_sched
  276 root       0 -20       0      0      0 S   6,2  0,0   0:11.97      0      0 kworker/1:1H
    1 root      20   0   33936      0      0 S   0,0  0,0   0:02.90   1788   1788 init
   43 root      20   0       0      0      0 R 100,0  0,0  17:24.08      0      0 kswapd0
13307 mgvvst    20   0 2613876 1,579g   1212 R 100,0 80,8   2:03.54 941572 2,477g bash
11215 mgvvst    20   0 1275776  12472   5468 S  25,4  0,6   0:43.56   7412  19884 nautilus
  276 root       0 -20       0      0      0 S   6,4  0,0   0:12.04      0      0 kworker/1:1H
15329 mgvvst    20   0   30396   2968   2532 R   6,4  0,1   0:00.01      0   2968 top
   43 root      20   0       0      0      0 R 100,0  0,0  17:25.77      0      0 kswapd0
13307 mgvvst    20   0 2645048 1,573g   1212 D  95,3 80,6   2:05.33 978492 2,507g bash
 2007 mgvvst    20   0 1769708  67572   7384 R  31,8  3,3  71:04.94 289904 357476 compiz
 1100 root      20   0  487004  36012   2232 S  12,7  1,8  24:01.73 125964 161976 Xorg
    7 root      20   0       0      0      0 S   6,4  0,0   1:22.51      0      0 rcu_sched
   43 root      20   0       0      0      0 R  89,5  0,0  17:27.39      0      0 kswapd0
13307 mgvvst    20   0 2675688 1,571g   1212 R  89,5 80,5   2:07.07 987,6m 2,536g bash
 2007 mgvvst    20   0 1769708  66456   6268 S  38,4  3,2  71:05.34 289904 356360 compiz
 1100 root      20   0  487004  36104   2232 S  19,2  1,8  24:01.99 125872 161976 Xorg
    7 root      20   0       0      0      0 S   6,4  0,0   1:22.57      0      0 rcu_sched
13307 mgvvst    20   0 2711656 1,573g   1212 R 100,0 80,5   2:08.87 0,997g 2,570g bash
   43 root      20   0       0      0      0 R  40,6  0,0  17:28.91      0      0 kswapd0
 1100 root      20   0  487004  36104   2232 S  17,4  1,8  24:02.23 125872 161976 Xorg
 2007 mgvvst    20   0 1769708  65496   5312 S  11,6  3,2  71:05.71 289908 355404 compiz
15387 mgvvst    20   0   30396   3048   2612 R   5,8  0,1   0:00.01      0   3048 top
   43 root      20   0       0      0      0 D  98,3  0,0  17:30.48      0      0 kswapd0
13307 mgvvst    20   0 2749200 1,578g   1212 R  92,2 80,8   2:10.74 1,028g 2,606g bash
   64 root      20   0       0      0      0 S   6,1  0,0   0:29.38      0      0 kworker/3:1
15406 mgvvst    20   0   30396   3128   2692 R   6,1  0,2   0:00.01      0   3128 top
    1 root      20   0   33936      0      0 S   0,0  0,0   0:02.90   1788   1788 init
13307 mgvvst    20   0 2777848 1,569g   1212 R  97,4 80,4   2:12.63 1,064g 2,633g bash
   43 root      20   0       0      0      0 R  41,0  0,0  17:32.24      0      0 kswapd0
   41 root      20   0       0      0      0 S   5,1  0,0   0:41.19      0      0 kworker/0:1
 9441 root      20   0       0      0      0 S   5,1  0,0   0:03.17      0      0 kworker/u8:0
15424 mgvvst    20   0   30396   3076   2644 R   5,1  0,2   0:00.02      0   3076 top
   43 root      20   0       0      0      0 R  95,1  0,0  17:33.86      0      0 kswapd0
13307 mgvvst    20   0 2811284 1,568g   1212 R  95,1 80,3   2:14.44 1,098g 2,665g bash
   41 root      20   0       0      0      0 S   6,3  0,0   0:41.20      0      0 kworker/0:1
  173 root       0 -20       0      0      0 S   6,3  0,0   0:10.86      0      0 kworker/3:1H
  730 root       0 -20       0      0      0 S   6,3  0,0   0:12.08      0      0 kworker/2:1H
   43 root      20   0       0      0      0 R  95,8  0,0  17:35.61      0      0 kswapd0
13307 mgvvst    20   0 2851644 1,572g   1212 R  95,8 80,5   2:16.50 1,132g 2,704g bash
11215 mgvvst    20   0 1275776  11712   4940 S  19,2  0,6   0:43.92   7644  19356 nautilus
    7 root      20   0       0      0      0 S   6,4  0,0   1:22.87      0      0 rcu_sched
  276 root       0 -20       0      0      0 S   6,4  0,0   0:12.43      0      0 kworker/1:1H
   43 root      20   0       0      0      0 R  91,2  0,0  17:37.07      0      0 kswapd0
13307 mgvvst    20   0 2896980 1,585g   1212 R  91,2 81,1   2:18.34 1,162g 2,747g bash
   41 root      20   0       0      0      0 S  12,2  0,0   0:41.25      0      0 kworker/0:1
    7 root      20   0       0      0      0 S   6,1  0,0   1:22.91      0      0 rcu_sched
  173 root       0 -20       0      0      0 S   6,1  0,0   0:10.93      0      0 kworker/3:1H
13307 mgvvst    20   0 2917520 1,567g   1212 R 100,0 80,2   2:20.14 1,199g 2,767g bash
   43 root      20   0       0      0      0 R  94,3  0,0  17:38.85      0      0 kswapd0
  216 root       0 -20       0      0      0 S   6,3  0,0   0:14.35      0      0 kworker/0:1H
15496 mgvvst    20   0   30396   2996   2560 R   6,3  0,1   0:00.01      0   2996 top
    1 root      20   0   33936      0      0 S   0,0  0,0   0:02.90   1788   1788 init
   43 root      20   0       0      0      0 R  96,2  0,0  17:40.19      0      0 kswapd0
13307 mgvvst    20   0 2966612 1,586g   1212 R  96,2 81,2   2:21.96 1,227g 2,813g bash
    7 root      20   0       0      0      0 S   6,4  0,0   1:23.03      0      0 rcu_sched
  216 root       0 -20       0      0      0 S   6,4  0,0   0:14.38      0      0 kworker/0:1H
  276 root       0 -20       0      0      0 S   6,4  0,0   0:12.58      0      0 kworker/1:1H
   43 root      20   0       0      0      0 R  95,1  0,0  17:41.84      0      0 kswapd0
13307 mgvvst    20   0 3003112 1,585g   1212 R  82,4 81,1   2:23.82 1,264g 2,848g bash
 2007 mgvvst    20   0 1769708  51772   3304 S  31,7  2,5  71:08.47 301624 353396 compiz
 1100 root      20   0  487004  35696   2096 S  25,4  1,7  24:04.06 126144 161840 Xorg
  216 root       0 -20       0      0      0 S   6,3  0,0   0:14.46      0      0 kworker/0:1H
   43 root      20   0       0      0      0 R  93,7  0,0  17:43.46      0      0 kswapd0
13307 mgvvst    20   0 3040652 1,592g   1212 R  93,7 81,5   2:25.69 1,292g 2,884g bash
   23 root      20   0       0      0      0 R  37,5  0,0   1:13.68      0      0 ksoftirqd/3
 1100 root      20   0  487004  39484   3108 D  37,5  1,9  24:04.42 123368 162852 Xorg
    7 root      20   0       0      0      0 S   6,2  0,0   1:23.13      0      0 rcu_sched
   43 root      20   0       0      0      0 R  95,8  0,0  17:45.54      0      0 kswapd0
13307 mgvvst    20   0 3070840 1,581g   1212 R  83,0 81,0   2:27.75 1,332g 2,913g bash
   23 root      20   0       0      0      0 S  38,3  0,0   1:14.14      0      0 ksoftirqd/3
 1100 root      20   0  487004  44832   4232 R  19,2  2,2  24:05.09 119144 163976 Xorg
 2007 mgvvst    20   0 1769708  55572   3848 R  19,2  2,7  71:09.09 298368 353940 compiz
 1100 root      20   0  487004  27200   2996 D  55,7  1,3  24:05.99 135540 162740 Xorg
 2336 mgvvst    20   0  676516  11260   6836 R  37,1  0,5   4:15.04  18344  29604 gnome-terminal
 1460 mgvvst    20   0  658660  14304   6652 D  30,9  0,7   0:23.14   8768  23072 hud-service
11215 mgvvst    20   0 1275776  14820   8540 S  24,8  0,7   0:45.70   8148  22968 nautilus
 1439 mgvvst    20   0  379664    288      0 S  12,4  0,0   1:20.27   3488   3776 ibus-daemon
